1.000000 0.000000 -1.000000 -1.000000 0.000000
0.000000 1.000000 1.000000 -1.000000 0.000000
0.000000 0.000000 0.000000 1.000000 -0.000000
0.049799 0.814724 0.687351 0.687351 0.687351
0.740800 0.094208 0.731859 0.731859 0.731859
0.095855 0.873013 0.634576 0.634576 0.634576
0.134410 0.086624 0.872515 0.872515 0.872515
0.059474 0.632359 0.823276 0.823276 0.823276
0.355239 0.097540 0.964339 0.964339 0.964339
0.533120 0.278498 0.829524 0.829524 0.829524
0.539763 0.453119 0.710806 0.710806 0.710806
0.953968 0.042493 0.595842 0.595842 0.595842
0.932583 0.035111 0.610801 0.610801 0.610801
0.116548 0.157613 0.910711 0.910711 0.910711
0.951702 0.029407 0.600139 0.600139 0.600139
0.067029 0.042833 0.788253 0.788253 0.788253
0.283481 0.514624 0.842482 0.842482 0.842482
0.097310 0.199720 0.922423 0.922423 0.922423
0.853330 0.141886 0.634092 0.634092 0.634092
0.465774 0.421761 0.789910 0.789910 0.789910
0.555499 0.084264 0.876992 0.876992 0.876992
0.670638 0.207793 0.748049 0.748049 0.748049
0.463155 0.040508 0.921088 0.921088 0.921088
0.453669 0.344259 0.855289 0.855289 0.855289
0.602994 0.035712 0.845527 0.845527 0.845527
0.061054 0.150871 0.863863 0.863863 0.863863
0.615353 0.066007 0.835265 0.835265 0.835265
0.077474 0.321265 0.953268 0.953268 0.953268
0.498387 0.242260 0.877989 0.877989 0.877989
0.217891 0.256868 0.997972 0.997972 0.997972
0.185685 0.392227 0.968121 0.968121 0.968121
0.170657 0.655478 0.776032 0.776032 0.776032
0.526900 0.171187 0.882682 0.882682 0.882682
0.503326 0.293954 0.845959 0.845959 0.845959
0.651617 0.031833 0.811442 0.811442 0.811442
0.149352 0.723077 0.728555 0.728555 0.728555
0.804715 0.046171 0.695406 0.695406 0.695406
0.091200 0.902868 0.616015 0.616015 0.616015
0.645361 0.176542 0.782235 0.782235 0.782235
0.179989 0.694829 0.739825 0.739825 0.739825
0.080849 0.682901 0.780697 0.780697 0.780697
0.440811 0.049778 0.931185 0.931185 0.931185
0.301948 0.034446 0.921112 0.921112 0.921112
0.435359 0.438744 0.800686 0.800686 0.800686
0.408233 0.381558 0.864958 0.864958 0.864958
0.183267 0.765517 0.682846 0.682846 0.682846
0.168359 0.795200 0.666300 0.666300 0.666300
0.404396 0.186873 0.961967 0.961967 0.961967
0.052246 0.489764 0.913449 0.913449 0.913449
0.066845 0.445586 0.934921 0.934921 0.934921
0.440288 0.353687 0.859650 0.859650 0.859650
0.630240 0.290635 0.740462 0.740462 0.740462
0.562218 0.245313 0.822348 0.822348 0.822348
0.018201 0.276025 0.899535 0.899535 0.899535
0.317479 0.679703 0.686809 0.686809 0.686809
0.365802 0.344902 0.921347 0.921347 0.921347
0.193427 0.162612 0.960541 0.960541 0.960541
0.424969 0.118998 0.952878 0.952878 0.952878
0.272281 0.501636 0.859795 0.859795 0.859795
0.533499 0.040256 0.889092 0.889092 0.889092
0.217143 0.659614 0.753016 0.753016 0.753016
0.393443 0.414732 0.851151 0.851151 0.851151
0.758414 0.223812 0.671766 0.671766 0.671766
0.572513 0.248733 0.811740 0.811740 0.811740
0.075936 0.744905 0.733379 0.733379 0.733379
0.446031 0.494043 0.750171 0.750171 0.750171
0.111743 0.300923 0.968413 0.968413 0.968413
0.314068 0.109097 0.968718 0.968718 0.968718
0.540248 0.040709 0.885353 0.885353 0.885353
0.294727 0.547216 0.808069 0.808069 0.808069
0.099644 0.138624 0.885430 0.885430 0.885430
0.620550 0.149294 0.812889 0.812889 0.812889
0.067243 0.742492 0.737269 0.737269 0.737269
0.829239 0.159283 0.645033 0.645033 0.645033
0.413270 0.254282 0.937585 0.937585 0.937585
0.114117 0.185715 0.926325 0.926325 0.926325
0.742936 0.243525 0.674815 0.674815 0.674815
0.146501 0.070736 0.868562 0.868562 0.868562
0.257348 0.650016 0.741663 0.741663 0.741663
0.045063 0.803405 0.696598 0.696598 0.696598
0.206101 0.748916 0.686348 0.686348 0.686348
0.394942 0.383955 0.873285 0.873285 0.873285
0.460748 0.526711 0.715232 0.715232 0.715232
0.580745 0.351660 0.745278 0.745278 0.745278
0.624426 0.169171 0.802687 0.802687 0.802687
0.179768 0.414736 0.957416 0.957416 0.957416
0.282522 0.450276 0.896249 0.896249 0.896249
0.612427 0.082806 0.835378 0.835378 0.835378
0.034341 0.285839 0.915702 0.915702 0.915702
0.149521 0.242800 0.973548 0.973548 0.973548
0.315287 0.246271 0.990186 0.990186 0.990186
0.411486 0.380446 0.863269 0.863269 0.863269
0.095193 0.432178 0.946367 0.946367 0.946367
0.519937 0.075854 0.900239 0.900239 0.900239
0.593287 0.053950 0.851998 0.851998 0.851998
0.123621 0.469202 0.930931 0.930931 0.930931
0.135512 0.220833 0.957903 0.957903 0.957903
0.898977 0.065989 0.625166 0.625166 0.625166
0.715655 0.129906 0.741096 0.741096 0.741096
0.036268 0.568824 0.867830 0.867830 0.867830
0.143313 0.469391 0.929625 0.929625 0.929625
0.261143 0.011902 0.888002 0.888002 0.888002
0.274308 0.337123 0.974226 0.974226 0.974226
0.089675 0.837818 0.660715 0.660715 0.660715
0.230402 0.205715 0.991639 0.991639 0.991639
0.173893 0.688785 0.747173 0.747173 0.747173
0.148893 0.471467 0.927677 0.927677 0.927677
0.714804 0.165649 0.729218 0.729218 0.729218
0.073939 0.398018 0.949940 0.949940 0.949940
0.396809 0.262971 0.944898 0.944898 0.944898
0.183921 0.345921 0.985422 0.985422 0.985422
0.405315 0.310785 0.914498 0.914498 0.914498
0.736531 0.251848 0.675896 0.675896 0.675896
0.171035 0.549458 0.864619 0.864619 0.864619
0.003601 0.083821 0.769842 0.769842 0.769842
0.265525 0.228977 0.999273 0.999273 0.999273
0.471606 0.086663 0.927772 0.927772 0.927772
0.344432 0.152378 0.982033 0.982033 0.982033
0.288291 0.174183 0.990802 0.990802 0.990802
0.084934 0.461658 0.932260 0.932260 0.932260
0.443719 0.003865 0.911179 0.911179 0.911179
0.067373 0.078176 0.815774 0.815774 0.815774
0.046910 0.557322 0.875719 0.875719 0.875719
0.394803 0.106653 0.960899 0.960899 0.960899
0.941824 0.038102 0.604340 0.604340 0.604340
0.961048 0.004634 0.599526 0.599526 0.599526
0.751912 0.225090 0.676098 0.676098 0.676098
0.180490 0.182697 0.964541 0.964541 0.964541
0.548214 0.131305 0.876141 0.876141 0.876141
0.569331 0.084436 0.867208 0.867208 0.867208
0.255658 0.600217 0.784390 0.784390 0.784390
0.695070 0.259870 0.704071 0.704071 0.704071
0.460188 0.199932 0.924387 0.924387 0.924387
0.181355 0.568586 0.845205 0.845205 0.845205
0.043644 0.089352 0.805599 0.805599 0.805599
0.164208 0.818153 0.651175 0.651175 0.651175
0.640842 0.263803 0.745955 0.745955 0.745955
0.571788 0.145539 0.854167 0.854167 0.854167
0.061820 0.136069 0.854171 0.854171 0.854171
0.053151 0.869292 0.648215 0.648215 0.648215
0.207089 0.420295 0.949002 0.949002 0.949002
0.442046 0.549860 0.710757 0.710757 0.710757
0.174758 0.144955 0.940346 0.940346 0.940346
0.386964 0.146969 0.970278 0.970278 0.970278
0.060722 0.377945 0.946740 0.946740 0.946740
0.449496 0.350952 0.854112 0.854112 0.854112
0.348749 0.513250 0.802900 0.802900 0.802900
0.215859 0.401808 0.957844 0.957844 0.957844
0.161612 0.075967 0.882920 0.882920 0.882920
0.719613 0.239916 0.694248 0.694248 0.694248
0.623725 0.123319 0.817990 0.817990 0.817990
0.311321 0.183908 0.991936 0.991936 0.991936
0.062557 0.760047 0.724945 0.724945 0.724945
0.398990 0.582733 0.713923 0.713923 0.713923
0.126890 0.049654 0.837867 0.837867 0.837867
0.204543 0.097284 0.925056 0.925056 0.925056
0.007269 0.944787 0.608991 0.608991 0.608991
0.261288 0.490864 0.874697 0.874697 0.874697
0.033309 0.510747 0.899584 0.899584 0.899584
0.225446 0.662281 0.746986 0.746986 0.746986
0.243893 0.099946 0.945644 0.945644 0.945644
0.597485 0.369247 0.721041 0.721041 0.721041
0.725925 0.111203 0.738716 0.738716 0.738716
0.657616 0.219748 0.753491 0.753491 0.753491
0.399959 0.389739 0.865224 0.865224 0.865224
0.485556 0.241691 0.888745 0.888745 0.888745
0.103646 0.403912 0.957656 0.957656 0.957656
0.680126 0.096455 0.779289 0.779289 0.779289
0.377725 0.131973 0.970933 0.970933 0.970933
0.896994 0.057949 0.628460 0.628460 0.628460
0.608103 0.043865 0.841930 0.841930 0.841930
0.332712 0.424791 0.886063 0.886063 0.886063
0.504975 0.059780 0.907229 0.907229 0.907229
0.212339 0.234780 0.994206 0.994206 0.994206
0.593689 0.353159 0.733917 0.733917 0.733917
0.143705 0.178806 0.941871 0.941871 0.941871
0.579615 0.015403 0.859248 0.859248 0.859248
0.048543 0.043024 0.774449 0.774449 0.774449
0.021873 0.168990 0.843978 0.843978 0.843978
0.092589 0.649116 0.804933 0.804933 0.804933
0.138431 0.731722 0.725467 0.725467 0.725467
0.141073 0.352254 0.978337 0.978337 0.978337
0.170576 0.450924 0.937555 0.937555 0.937555
0.265479 0.452991 0.903111 0.903111 0.903111
0.415874 0.296321 0.915008 0.915008 0.915008
0.368128 0.255307 0.965081 0.965081 0.965081
0.000829 0.811045 0.699196 0.699196 0.699196
0.000717 0.686775 0.787795 0.787795 0.787795
0.430778 0.183511 0.947712 0.947712 0.947712
0.287586 0.368485 0.951744 0.951744 0.951744
0.441388 0.374381 0.844151 0.844151 0.844151
0.449513 0.219773 0.925525 0.925525 0.925525
0.539455 0.081126 0.887977 0.887977 0.887977
0.387883 0.070614 0.950207 0.950207 0.950207
0.079327 0.224287 0.922420 0.922420 0.922420
0.397357 0.513208 0.769760 0.769760 0.769760
0.075524 0.435859 0.940571 0.940571 0.940571
0.202574 0.553216 0.849822 0.849822 0.849822
0.585589 0.306349 0.768677 0.768677 0.768677
0.097901 0.508509 0.907633 0.907633 0.907633
0.380958 0.489228 0.800673 0.800673 0.800673
0.178488 0.182372 0.963387 0.963387 0.963387
0.711949 0.205169 0.715606 0.715606 0.715606
0.188124 0.355682 0.982590 0.982590 0.982590
0.481247 0.378609 0.808843 0.808843 0.808843
0.011453 0.188420 0.847694 0.847694 0.847694
0.481751 0.467174 0.744045 0.744045 0.744045
0.340837 0.649273 0.697417 0.697417 0.697417
0.179078 0.060998 0.882442 0.882442 0.882442
0.107537 0.875943 0.629260 0.629260 0.629260
0.061228 0.550156 0.880903 0.880903 0.880903
0.402164 0.377525 0.872535 0.872535 0.872535
0.063683 0.412955 0.943155 0.943155 0.943155
0.252120 0.207742 0.995820 0.995820 0.995820
0.680303 0.301246 0.694840 0.694840 0.694840
0.371107 0.529077 0.774858 0.774858 0.774858
0.575016 0.230488 0.818674 0.818674 0.818674
0.730307 0.155691 0.720533 0.720533 0.720533
0.364012 0.194764 0.979421 0.979421 0.979421
0.626249 0.225922 0.777003 0.777003 0.777003
0.589790 0.170708 0.831297 0.831297 0.831297
0.027317 0.772336 0.722777 0.722777 0.722777
0.091286 0.435699 0.944265 0.944265 0.944265
0.599075 0.311102 0.754656 0.754656 0.754656
0.567930 0.076620 0.868756 0.868756 0.868756
0.063271 0.569793 0.867963 0.867963 0.867963
0.230801 0.184816 0.985044 0.985044 0.985044
0.631535 0.095119 0.818345 0.818345 0.818345
0.334386 0.020252 0.919329 0.919329 0.919329
0.119277 0.561130 0.868607 0.868607 0.868607
0.181559 0.111119 0.921790 0.921790 0.921790
0.579607 0.258065 0.800775 0.800775 0.800775
0.457544 0.408720 0.806090 0.806090 0.806090
0.044452 0.405104 0.936484 0.936484 0.936484
0.695734 0.262212 0.702416 0.702416 0.702416
0.400207 0.397157 0.859482 0.859482 0.859482
0.121228 0.711216 0.747401 0.747401 0.747401
0.052961 0.778253 0.713402 0.713402 0.713402
0.557619 0.117418 0.871601 0.871601 0.871601
0.047544 0.296676 0.928823 0.928823 0.928823
0.261032 0.318778 0.985897 0.985897 0.985897
0.206076 0.575833 0.829137 0.829137 0.829137
0.378949 0.507858 0.786866 0.786866 0.786866
0.079051 0.914484 0.611732 0.611732 0.611732
0.555945 0.262482 0.818764 0.818764 0.818764
0.563946 0.198985 0.842233 0.842233 0.842233
0.704859 0.029220 0.772515 0.772515 0.772515
0.172992 0.071146 0.886577 0.886577 0.886577
0.168931 0.730331 0.715600 0.715600 0.715600
0.167063 0.488609 0.912747 0.912747 0.912747
0.139848 0.578525 0.850276 0.850276 0.850276
0.205924 0.762716 0.675967 0.675967 0.675967
0.327378 0.458849 0.862265 0.862265 0.862265
0.569017 0.036911 0.867756 0.867756 0.867756
0.226643 0.546806 0.844671 0.844671 0.844671
0.288959 0.521136 0.833756 0.833756 0.833756
0.366834 0.231594 0.972644 0.972644 0.972644
0.097812 0.488898 0.919398 0.919398 0.919398
0.205788 0.624060 0.788074 0.788074 0.788074
0.021813 0.679136 0.792157 0.792157 0.792157
0.031984 0.604485 0.844475 0.844475 0.844475
0.480989 0.367437 0.816906 0.816906 0.816906
0.757225 0.012018 0.736150 0.736150 0.736150
0.078293 0.037739 0.792710 0.792710 0.792710
0.844390 0.114832 0.648777 0.648777 0.648777
0.068647 0.913287 0.615171 0.615171 0.615171
0.379030 0.203816 0.972133 0.972133 0.972133
0.134434 0.098712 0.881778 0.881778 0.881778
0.410331 0.261871 0.936317 0.936317 0.936317
0.535577 0.335357 0.792938 0.792938 0.792938
0.028311 0.679728 0.791196 0.791196 0.791196
0.016337 0.136553 0.817480 0.817480 0.817480
0.048008 0.721228 0.757407 0.757407 0.757407
0.391264 0.106762 0.961824 0.961824 0.961824
0.344645 0.653757 0.691852 0.691852 0.691852
0.493287 0.494174 0.716028 0.716028 0.716028
0.065638 0.220948 0.910483 0.910483 0.910483
0.186264 0.715037 0.720980 0.720980 0.720980
0.288476 0.096279 0.957798 0.957798 0.957798
0.246271 0.109078 0.952373 0.952373 0.952373
0.054134 0.665837 0.798665 0.798665 0.798665
0.235809 0.698746 0.712532 0.712532 0.712532
0.288331 0.197810 0.995549 0.995549 0.995549
0.545481 0.030541 0.881038 0.881038 0.881038
0.433876 0.255926 0.922231 0.922231 0.922231
0.246034 0.500022 0.874811 0.874811 0.874811
0.118558 0.479922 0.924746 0.924746 0.924746
0.169199 0.095278 0.902643 0.902643 0.902643
0.544117 0.390133 0.749952 0.749952 0.749952
0.090192 0.382334 0.958545 0.958545 0.958545
0.470358 0.140558 0.929287 0.929287 0.929287
0.293891 0.194511 0.994833 0.994833 0.994833
0.091241 0.423279 0.948691 0.948691 0.948691
0.572058 0.182922 0.841708 0.841708 0.841708
0.427063 0.239932 0.933900 0.933900 0.933900
0.388874 0.113488 0.964100 0.964100 0.964100
0.375268 0.028674 0.929665 0.929665 0.929665
0.199943 0.489901 0.902316 0.902316 0.902316
0.130925 0.832073 0.652456 0.652456 0.652456
0.211081 0.021319 0.869582 0.869582 0.869582
0.459599 0.287306 0.886125 0.886125 0.886125
0.176995 0.500472 0.901444 0.901444 0.901444
0.210679 0.471088 0.912882 0.912882 0.912882
0.012091 0.940381 0.610774 0.610774 0.610774
0.216693 0.318028 0.992539 0.992539 0.992539
0.085764 0.042431 0.801970 0.801970 0.801970
0.006048 0.928555 0.619396 0.619396 0.619396
0.188764 0.478350 0.914561 0.914561 0.914561
0.613581 0.096730 0.832162 0.832162 0.832162
0.116327 0.818149 0.667018 0.667018 0.667018
0.049436 0.182453 0.875300 0.875300 0.875300
0.427163 0.277560 0.916688 0.916688 0.916688
0.655027 0.149865 0.783976 0.783976 0.783976
0.081824 0.340395 0.957361 0.957361 0.957361
0.454650 0.481405 0.753502 0.753502 0.753502
0.115192 0.027025 0.811159 0.811159 0.811159
0.292172 0.351009 0.959825 0.959825 0.959825
0.273063 0.199669 0.995846 0.995846 0.995846
0.109269 0.453798 0.938808 0.938808 0.938808
0.323289 0.432391 0.886173 0.886173 0.886173
0.331233 0.174686 0.987900 0.987900 0.987900
0.009586 0.083470 0.774316 0.774316 0.774316
0.790325 0.133171 0.682114 0.682114 0.682114
0.112707 0.173389 0.917971 0.917971 0.917971
0.008143 0.609062 0.840350 0.840350 0.840350
0.020464 0.168620 0.842563 0.842563 0.842563
0.200346 0.196636 0.979421 0.979421 0.979421
0.661865 0.060471 0.800793 0.800793 0.800793
0.257357 0.600742 0.783055 0.783055 0.783055
0.435812 0.473124 0.773752 0.773752 0.773752
0.034079 0.583201 0.858582 0.858582 0.858582
0.162321 0.656860 0.778010 0.778010 0.778010
0.142997 0.372027 0.974344 0.974344 0.974344
0.116616 0.708016 0.751371 0.751371 0.751371
0.209024 0.431651 0.941254 0.941254 0.941254
0.168396 0.015487 0.838267 0.838267 0.838267
0.277452 0.015936 0.898337 0.898337 0.898337
0.660714 0.167168 0.772987 0.772987 0.772987
0.400994 0.106216 0.959102 0.959102 0.959102
0.432266 0.372410 0.852837 0.852837 0.852837
0.062426 0.801882 0.693763 0.693763 0.693763
0.306115 0.489688 0.850119 0.850119 0.850119
0.044234 0.339493 0.936071 0.936071 0.936071
0.829681 0.048370 0.676954 0.676954 0.676954
0.312801 0.079668 0.953202 0.953202 0.953202
0.000746 0.052677 0.745269 0.745269 0.745269
0.095444 0.737858 0.733816 0.733816 0.733816
0.240997 0.730881 0.685083 0.685083 0.685083
0.013200 0.422836 0.918953 0.918953 0.918953
0.146240 0.452129 0.939776 0.939776 0.939776
0.073959 0.057263 0.804709 0.804709 0.804709
0.015478 0.417744 0.920709 0.920709 0.920709
0.537433 0.016948 0.882941 0.882941 0.882941
0.388055 0.301455 0.932037 0.932037 0.932037
0.178252 0.701099 0.735414 0.735414 0.735414
0.404130 0.333661 0.901251 0.901251 0.901251
0.218150 0.539126 0.855047 0.855047 0.855047
0.520965 0.301894 0.826208 0.826208 0.826208
0.147996 0.666528 0.775083 0.775083 0.775083
0.509191 0.178132 0.894442 0.894442 0.894442
0.009740 0.871986 0.655639 0.655639 0.655639
0.673293 0.000920 0.797202 0.797202 0.797202
0.089581 0.171121 0.899587 0.899587 0.899587
0.904856 0.032601 0.629155 0.629155 0.629155
0.307239 0.561200 0.788727 0.788727 0.788727
0.028181 0.881867 0.645318 0.645318 0.645318
0.322510 0.669175 0.692179 0.692179 0.692179
0.353056 0.190433 0.983416 0.983416 0.983416
0.003220 0.631083 0.825809 0.825809 0.825809
0.009511 0.460726 0.910168 0.910168 0.910168
0.479507 0.018362 0.908088 0.908088 0.908088
0.507797 0.156405 0.901184 0.901184 0.901184
0.108346 0.144477 0.895973 0.895973 0.895973
0.121560 0.644765 0.801294 0.801294 0.801294
0.450565 0.376272 0.835422 0.835422 0.835422
0.213095 0.190924 0.981837 0.981837 0.981837
0.155146 0.571747 0.851417 0.851417 0.851417
0.359595 0.517978 0.791726 0.791726 0.791726
0.172229 0.120612 0.922796 0.922796 0.922796
0.175727 0.589507 0.829708 0.829708 0.829708
0.295817 0.226188 0.996625 0.996625 0.996625
0.597169 0.384619 0.711810 0.711810 0.711810
0.330318 0.417014 0.893639 0.893639 0.893639
0.093470 0.251806 0.944562 0.944562 0.944562
0.631492 0.290441 0.739539 0.739539 0.739539
0.089860 0.382909 0.958335 0.958335 0.958335
0.261756 0.734719 0.672727 0.672727 0.672727
0.356474 0.175624 0.982080 0.982080 0.982080
0.882099 0.017337 0.647387 0.647387 0.647387
0.503150 0.269751 0.859907 0.859907 0.859907
0.452363 0.343877 0.856611 0.856611 0.856611
0.491178 0.415931 0.774145 0.774145 0.774145
0.517418 0.107769 0.901486 0.901486 0.901486
0.754397 0.093692 0.721463 0.721463 0.721463
0.206353 0.120346 0.941751 0.941751 0.941751
0.144497 0.182239 0.944277 0.944277 0.944277
0.080061 0.260728 0.939047 0.939047 0.939047
0.181121 0.405644 0.962018 0.962018 0.962018
0.928504 0.022513 0.616101 0.616101 0.616101
0.195225 0.574741 0.834622 0.834622 0.834622
0.195529 0.312719 0.993070 0.993070 0.993070
0.350331 0.161485 0.982367 0.982367 0.982367
0.392107 0.178766 0.968727 0.968727 0.968727
0.182387 0.422886 0.952524 0.952524 0.952524
0.129317 0.094229 0.874727 0.874727 0.874727
0.573278 0.401476 0.719614 0.719614 0.719614
0.219429 0.529076 0.862935 0.862935 0.862935
0.330451 0.304051 0.965357 0.965357 0.965357
0.227932 0.699888 0.715224 0.715224 0.715224
0.271894 0.361469 0.962622 0.962622 0.962622
0.437476 0.033604 0.925903 0.925903 0.925903
0.635026 0.068806 0.820114 0.820114 0.820114
0.355072 0.319600 0.943522 0.943522 0.943522
0.161984 0.469136 0.927234 0.927234 0.927234
0.648951 0.345554 0.695016 0.695016 0.695016
0.076333 0.407619 0.948824 0.948824 0.948824
0.544435 0.180019 0.865706 0.865706 0.865706
0.036066 0.718359 0.761508 0.761508 0.761508
0.300988 0.031351 0.918574 0.918574 0.918574
0.279943 0.468666 0.882904 0.882904 0.882904
0.008112 0.674854 0.795947 0.795947 0.795947
0.213099 0.105629 0.935361 0.935361 0.935361
0.310199 0.610959 0.745366 0.745366 0.745366
0.237738 0.221198 0.996509 0.996509 0.996509
0.121600 0.576547 0.856227 0.856227 0.856227
0.841292 0.090823 0.657938 0.657938 0.657938
0.664388 0.266472 0.725305 0.725305 0.725305
0.319300 0.153657 0.985156 0.985156 0.985156
0.456946 0.281005 0.891778 0.891778 0.891778
0.076540 0.440085 0.939362 0.939362 0.939362
0.342052 0.527143 0.795689 0.795689 0.795689
0.448135 0.457424 0.776619 0.776619 0.776619
0.004247 0.875372 0.654378 0.654378 0.654378
0.487889 0.481948 0.728739 0.728739 0.728739
0.699904 0.056377 0.772241 0.772241 0.772241
0.094115 0.637709 0.813663 0.813663 0.813663
0.682600 0.042306 0.787546 0.787546 0.787546
0.343530 0.240707 0.981073 0.981073 0.981073
0.150841 0.323878 0.984136 0.984136 0.984136
0.655494 0.289065 0.720787 0.720787 0.720787
0.285552 0.328192 0.974246 0.974246 0.974246
0.185760 0.304860 0.992810 0.992810 0.992810
0.027532 0.067993 0.777079 0.777079 0.777079
0.190004 0.745210 0.695738 0.695738 0.695738
0.142317 0.775960 0.689848 0.689848 0.689848
0.028342 0.667833 0.799901 0.799901 0.799901
0.634494 0.155608 0.799114 0.799114 0.799114
0.429310 0.344462 0.874705 0.874705 0.874705
0.229472 0.219480 0.994779 0.994779 0.994779
0.185441 0.324668 0.990248 0.990248 0.990248
0.762653 0.006715 0.732905 0.732905 0.732905
0.314051 0.397830 0.918014 0.918014 0.918014
0.371224 0.613229 0.707577 0.707577 0.707577
0.571204 0.084009 0.865898 0.865898 0.865898
0.726182 0.001151 0.759761 0.759761 0.759761
0.068535 0.462449 0.928874 0.928874 0.928874
0.572650 0.424349 0.705341 0.705341 0.705341
0.092660 0.460916 0.933685 0.933685 0.933685
0.741104 0.229840 0.682225 0.682225 0.682225
0.372865 0.322472 0.930418 0.930418 0.930418
0.000152 0.784739 0.717916 0.717916 0.717916
0.281058 0.471357 0.880087 0.880087 0.880087
0.157786 0.035763 0.848025 0.848025 0.848025
0.337754 0.175874 0.986792 0.986792 0.986792
0.129260 0.278242 0.972931 0.972931 0.972931
0.310885 0.473486 0.860693 0.860693 0.860693
0.307027 0.152721 0.985190 0.985190 0.985190
0.064149 0.658875 0.802531 0.802531 0.802531
0.108917 0.607389 0.834601 0.834601 0.834601
0.265393 0.191745 0.993674 0.993674 0.993674
0.494352 0.261573 0.871652 0.871652 0.871652
0.425173 0.242850 0.934062 0.934062 0.934062
0.719187 0.082576 0.751748 0.751748 0.751748
0.126134 0.730938 0.730143 0.730143 0.730143
0.219608 0.765500 0.668255 0.668255 0.668255
0.073605 0.811338 0.684070 0.684070 0.684070
0.119415 0.287498 0.969954 0.969954 0.969954
0.822669 0.091113 0.671150 0.671150 0.671150
0.501085 0.423791 0.760714 0.760714 0.760714
0.597083 0.316637 0.753071 0.753071 0.753071
0.527350 0.453407 0.719820 0.719820 0.719820
0.325751 0.574271 0.766552 0.766552 0.766552
0.594157 0.355557 0.732075 0.732075 0.732075
0.582140 0.352382 0.743700 0.743700 0.743700
0.312659 0.679017 0.689869 0.689869 0.689869
0.413581 0.364213 0.873332 0.873332 0.873332
0.028867 0.945174 0.604290 0.604290 0.604290
0.203188 0.208935 0.984888 0.984888 0.984888
0.359062 0.290718 0.955895 0.955895 0.955895
0.435533 0.236231 0.929386 0.929386 0.929386
0.769524 0.119396 0.702260 0.702260 0.702260
0.268423 0.607304 0.771626 0.771626 0.771626
0.424053 0.549862 0.722778 0.722778 0.722778
0.008045 0.458725 0.910020 0.910020 0.910020
0.324245 0.338055 0.951064 0.951064 0.951064
0.478543 0.229715 0.899697 0.899697 0.899697
0.581043 0.350218 0.745931 0.745931 0.745931
0.132035 0.662010 0.784049 0.784049 0.784049
0.150412 0.416159 0.958553 0.958553 0.958553
0.146878 0.841929 0.640338 0.640338 0.640338
0.097821 0.832917 0.661903 0.661903 0.661903
0.400497 0.256441 0.945219 0.945219 0.945219
0.074309 0.613461 0.835741 0.835741 0.835741
