1.000000 0.000000 -1.000000 -1.000000 0.000000
0.000000 1.000000 1.000000 -1.000000 0.000000
0.000000 0.000000 0.000000 1.000000 -0.000000
0.049799 0.814724 0.467539 0.467539 0.467539
0.740800 0.094208 0.487542 0.487542 0.487542
0.095855 0.873013 0.431983 0.431983 0.431983
0.134410 0.086624 0.913744 0.913744 0.913744
0.059474 0.632359 0.555322 0.555322 0.555322
0.355239 0.097540 0.728078 0.728078 0.728078
0.533120 0.278498 0.519894 0.519894 0.519894
0.539763 0.453119 0.449432 0.449432 0.449432
0.953968 0.042493 0.415137 0.415137 0.415137
0.932583 0.035111 0.424431 0.424431 0.424431
0.116548 0.157613 0.876269 0.876269 0.876269
0.951702 0.029407 0.418820 0.418820 0.418820
0.067029 0.042833 0.976428 0.976428 0.976428
0.283481 0.514624 0.526950 0.526950 0.526950
0.097310 0.199720 0.856425 0.856425 0.856425
0.853330 0.141886 0.427648 0.427648 0.427648
0.465774 0.421761 0.490714 0.490714 0.490714
0.555499 0.084264 0.591390 0.591390 0.591390
0.670638 0.207793 0.482199 0.482199 0.482199
0.463155 0.040508 0.675223 0.675223 0.675223
0.453669 0.344259 0.530093 0.530093 0.530093
0.602994 0.035712 0.581868 0.581868 0.581868
0.061054 0.150871 0.917580 0.917580 0.917580
0.615353 0.066007 0.562652 0.562652 0.562652
0.077474 0.321265 0.768004 0.768004 0.768004
0.498387 0.242260 0.553863 0.553863 0.553863
0.217891 0.256868 0.724885 0.724885 0.724885
0.185685 0.392227 0.648396 0.648396 0.648396
0.170657 0.655478 0.502199 0.502199 0.502199
0.526900 0.171187 0.570189 0.570189 0.570189
0.503326 0.293954 0.528040 0.528040 0.528040
0.651617 0.031833 0.554483 0.554483 0.554483
0.149352 0.723077 0.478163 0.478163 0.478163
0.804715 0.046171 0.472909 0.472909 0.472909
0.091200 0.902868 0.422144 0.422144 0.422144
0.645361 0.176542 0.504955 0.504955 0.504955
0.179989 0.694829 0.480776 0.480776 0.480776
0.080849 0.682901 0.520176 0.520176 0.520176
0.440811 0.049778 0.687514 0.687514 0.687514
0.301948 0.034446 0.809988 0.809988 0.809988
0.435359 0.438744 0.496522 0.496522 0.496522
0.408233 0.381558 0.534844 0.534844 0.534844
0.183267 0.765517 0.449931 0.449931 0.449931
0.168359 0.795200 0.442516 0.442516 0.442516
0.404396 0.186873 0.639436 0.639436 0.639436
0.052246 0.489764 0.650047 0.650047 0.650047
0.066845 0.445586 0.675154 0.675154 0.675154
0.440288 0.353687 0.532315 0.532315 0.532315
0.630240 0.290635 0.471019 0.471019 0.471019
0.562218 0.245313 0.519254 0.519254 0.519254
0.018201 0.276025 0.841332 0.841332 0.841332
0.317479 0.679703 0.442431 0.442431 0.442431
0.365802 0.344902 0.575356 0.575356 0.575356
0.193427 0.162612 0.814327 0.814327 0.814327
0.424969 0.118998 0.662670 0.662670 0.662670
0.272281 0.501636 0.538507 0.538507 0.538507
0.533499 0.040256 0.624992 0.624992 0.624992
0.217143 0.659614 0.483900 0.483900 0.483900
0.393443 0.414732 0.526094 0.526094 0.526094
0.758414 0.223812 0.440872 0.440872 0.440872
0.572513 0.248733 0.512813 0.512813 0.512813
0.075936 0.744905 0.491317 0.491317 0.491317
0.446031 0.494043 0.469465 0.469465 0.469465
0.111743 0.300923 0.763167 0.763167 0.763167
0.314068 0.109097 0.754145 0.754145 0.754145
0.540248 0.040709 0.620223 0.620223 0.620223
0.294727 0.547216 0.506420 0.506420 0.506420
0.099644 0.138624 0.902180 0.902180 0.902180
0.620550 0.149294 0.527580 0.527580 0.527580
0.067243 0.742492 0.495156 0.495156 0.495156
0.829239 0.159283 0.432033 0.432033 0.432033
0.413270 0.254282 0.596786 0.596786 0.596786
0.114117 0.185715 0.856008 0.856008 0.856008
0.742936 0.243525 0.441003 0.441003 0.441003
0.146501 0.070736 0.914967 0.914967 0.914967
0.257348 0.650016 0.474182 0.474182 0.474182
0.045063 0.803405 0.473797 0.473797 0.473797
0.206101 0.748916 0.449790 0.449790 0.449790
0.394942 0.383955 0.540198 0.540198 0.540198
0.460748 0.526711 0.451539 0.451539 0.451539
0.580745 0.351660 0.469841 0.469841 0.469841
0.624426 0.169171 0.518027 0.518027 0.518027
0.179768 0.414736 0.636420 0.636420 0.636420
0.282522 0.450276 0.561115 0.561115 0.561115
0.612427 0.082806 0.557808 0.557808 0.557808
0.034341 0.285839 0.823858 0.823858 0.823858
0.149521 0.242800 0.784618 0.784618 0.784618
0.315287 0.246271 0.664287 0.664287 0.664287
0.411486 0.380446 0.533792 0.533792 0.533792
0.095193 0.432178 0.670245 0.670245 0.670245
0.519937 0.075854 0.618147 0.618147 0.618147
0.593287 0.053950 0.580596 0.580596 0.580596
0.123621 0.469202 0.629294 0.629294 0.629294
0.135512 0.220833 0.812389 0.812389 0.812389
0.898977 0.065989 0.429596 0.429596 0.429596
0.715655 0.129906 0.487776 0.487776 0.487776
0.036268 0.568824 0.603225 0.603225 0.603225
0.143313 0.469391 0.619227 0.619227 0.619227
0.261143 0.011902 0.857387 0.857387 0.857387
0.274308 0.337123 0.632540 0.632540 0.632540
0.089675 0.837818 0.447183 0.447183 0.447183
0.230402 0.205715 0.753478 0.753478 0.753478
0.173893 0.688785 0.485530 0.485530 0.485530
0.148893 0.471467 0.615057 0.615057 0.615057
0.714804 0.165649 0.476603 0.476603 0.476603
0.073939 0.398018 0.707815 0.707815 0.707815
0.396809 0.262971 0.602022 0.602022 0.602022
0.183921 0.345921 0.682125 0.682125 0.682125
0.405315 0.310785 0.571649 0.571649 0.571649
0.736531 0.251848 0.440974 0.440974 0.440974
0.171035 0.549458 0.557309 0.557309 0.557309
0.003601 0.083821 0.981995 0.981995 0.981995
0.265525 0.228977 0.710765 0.710765 0.710765
0.471606 0.086663 0.646193 0.646193 0.646193
0.344432 0.152378 0.702873 0.702873 0.702873
0.288291 0.174183 0.731556 0.731556 0.731556
0.084934 0.461658 0.654144 0.654144 0.654144
0.443719 0.003865 0.708028 0.708028 0.708028
0.067373 0.078176 0.960095 0.960095 0.960095
0.046910 0.557322 0.606238 0.606238 0.606238
0.394803 0.106653 0.691903 0.691903 0.691903
0.941824 0.038102 0.420416 0.420416 0.420416
0.961048 0.004634 0.420893 0.420893 0.420893
0.751912 0.225090 0.442995 0.442995 0.442995
0.180490 0.182697 0.809081 0.809081 0.809081
0.548214 0.131305 0.575359 0.575359 0.575359
0.569331 0.084436 0.582740 0.582740 0.582740
0.255658 0.600217 0.496977 0.496977 0.496977
0.695070 0.259870 0.454684 0.454684 0.454684
0.460188 0.199932 0.596469 0.596469 0.596469
0.181355 0.568586 0.542359 0.542359 0.542359
0.043644 0.089352 0.965456 0.965456 0.965456
0.164208 0.818153 0.434874 0.434874 0.434874
0.640842 0.263803 0.475884 0.475884 0.475884
0.571788 0.145539 0.555563 0.555563 0.555563
0.061820 0.136069 0.927616 0.927616 0.927616
0.053151 0.869292 0.444129 0.444129 0.444129
0.207089 0.420295 0.617814 0.617814 0.617814
0.442046 0.549860 0.449597 0.449597 0.449597
0.174758 0.144955 0.842225 0.842225 0.842225
0.386964 0.146969 0.674516 0.674516 0.674516
0.060722 0.377945 0.731205 0.731205 0.731205
0.449496 0.350952 0.529065 0.529065 0.529065
0.348749 0.513250 0.500048 0.500048 0.500048
0.215859 0.401808 0.624923 0.624923 0.624923
0.161612 0.075967 0.900532 0.900532 0.900532
0.719613 0.239916 0.451161 0.451161 0.451161
0.623725 0.123319 0.535848 0.535848 0.535848
0.311321 0.183908 0.707595 0.707595 0.707595
0.062557 0.760047 0.488345 0.488345 0.488345
0.398990 0.582733 0.452267 0.452267 0.452267
0.126890 0.049654 0.940456 0.940456 0.940456
0.204543 0.097284 0.852523 0.852523 0.852523
0.007269 0.944787 0.426224 0.426224 0.426224
0.261288 0.490864 0.549182 0.549182 0.549182
0.033309 0.510747 0.643898 0.643898 0.643898
0.225446 0.662281 0.479846 0.479846 0.479846
0.243893 0.099946 0.818238 0.818238 0.818238
0.597485 0.369247 0.456894 0.456894 0.456894
0.725925 0.111203 0.489057 0.489057 0.489057
0.657616 0.219748 0.483889 0.483889 0.483889
0.399959 0.389739 0.534936 0.534936 0.534936
0.485556 0.241691 0.561212 0.561212 0.561212
0.103646 0.403912 0.686702 0.686702 0.686702
0.680126 0.096455 0.516193 0.516193 0.516193
0.377725 0.131973 0.690137 0.690137 0.690137
0.896994 0.057949 0.432271 0.432271 0.432271
0.608103 0.043865 0.575567 0.575567 0.575567
0.332712 0.424791 0.550171 0.550171 0.550171
0.504975 0.059780 0.635772 0.635772 0.635772
0.212339 0.234780 0.745322 0.745322 0.745322
0.593689 0.353159 0.464042 0.464042 0.464042
0.143705 0.178806 0.839985 0.839985 0.839985
0.579615 0.015403 0.604727 0.604727 0.604727
0.048543 0.043024 0.983627 0.983627 0.983627
0.021873 0.168990 0.925546 0.925546 0.925546
0.092589 0.649116 0.533744 0.533744 0.533744
0.138431 0.731722 0.477782 0.477782 0.477782
0.141073 0.352254 0.703932 0.703932 0.703932
0.170576 0.450924 0.617373 0.617373 0.617373
0.265479 0.452991 0.567966 0.567966 0.567966
0.415874 0.296321 0.573240 0.573240 0.573240
0.368128 0.255307 0.624097 0.624097 0.624097
0.000829 0.811045 0.482635 0.482635 0.482635
0.000717 0.686775 0.545443 0.545443 0.545443
0.430778 0.183511 0.623716 0.623716 0.623716
0.287586 0.368485 0.605421 0.605421 0.605421
0.441388 0.374381 0.522251 0.522251 0.522251
0.449513 0.219773 0.592916 0.592916 0.592916
0.539455 0.081126 0.602962 0.602962 0.602962
0.387883 0.070614 0.717674 0.717674 0.717674
0.079327 0.224287 0.848268 0.848268 0.848268
0.397357 0.513208 0.480573 0.480573 0.480573
0.075524 0.435859 0.677925 0.677925 0.677925
0.202574 0.553216 0.541703 0.541703 0.541703
0.585589 0.306349 0.484491 0.484491 0.484491
0.097901 0.508509 0.615512 0.615512 0.615512
0.380958 0.489228 0.497480 0.497480 0.497480
0.178488 0.182372 0.810868 0.810868 0.810868
0.711949 0.205169 0.465179 0.465179 0.465179
0.188124 0.355682 0.672525 0.672525 0.672525
0.481247 0.378609 0.502016 0.502016 0.502016
0.011453 0.188420 0.916270 0.916270 0.916270
0.481751 0.467174 0.466149 0.466149 0.466149
0.340837 0.649273 0.446482 0.446482 0.446482
0.179078 0.060998 0.896406 0.896406 0.896406
0.107537 0.875943 0.427985 0.427985 0.427985
0.061228 0.550156 0.604761 0.604761 0.604761
0.402164 0.377525 0.539771 0.539771 0.539771
0.063683 0.412955 0.701737 0.701737 0.701737
0.252120 0.207742 0.735640 0.735640 0.735640
0.680303 0.301246 0.447328 0.447328 0.447328
0.371107 0.529077 0.484145 0.484145 0.484145
0.575016 0.230488 0.518891 0.518891 0.518891
0.730307 0.155691 0.472976 0.472976 0.472976
0.364012 0.194764 0.662619 0.662619 0.662619
0.626249 0.225922 0.495984 0.495984 0.495984
0.589790 0.170708 0.535360 0.535360 0.535360
0.027317 0.772336 0.493094 0.493094 0.493094
0.091286 0.435699 0.669729 0.669729 0.669729
0.599075 0.311102 0.476915 0.476915 0.476915
0.567930 0.076620 0.586900 0.586900 0.586900
0.063271 0.569793 0.591349 0.591349 0.591349
0.230801 0.184816 0.768534 0.768534 0.768534
0.631535 0.095119 0.542338 0.542338 0.542338
0.334386 0.020252 0.790137 0.790137 0.790137
0.119277 0.561130 0.572876 0.572876 0.572876
0.181559 0.111119 0.861428 0.861428 0.861428
0.579607 0.258065 0.505711 0.505711 0.505711
0.457544 0.408720 0.499748 0.499748 0.499748
0.044452 0.405104 0.718241 0.718241 0.718241
0.695734 0.262212 0.453675 0.453675 0.453675
0.400207 0.397157 0.531256 0.531256 0.531256
0.121228 0.711216 0.492668 0.492668 0.492668
0.052961 0.778253 0.482820 0.482820 0.482820
0.557619 0.117418 0.575772 0.575772 0.575772
0.047544 0.296676 0.806867 0.806867 0.806867
0.261032 0.318778 0.652598 0.652598 0.652598
0.206076 0.575833 0.528351 0.528351 0.528351
0.378949 0.507858 0.490153 0.490153 0.490153
0.079051 0.914484 0.420837 0.420837 0.420837
0.555945 0.262482 0.515340 0.515340 0.515340
0.563946 0.198985 0.537490 0.537490 0.537490
0.704859 0.029220 0.526172 0.526172 0.526172
0.172992 0.071146 0.894862 0.894862 0.894862
0.168931 0.730331 0.468815 0.468815 0.468815
0.167063 0.488609 0.595173 0.595173 0.595173
0.139848 0.578525 0.554131 0.554131 0.554131
0.205924 0.762716 0.444419 0.444419 0.444419
0.327378 0.458849 0.535296 0.535296 0.535296
0.569017 0.036911 0.602833 0.602833 0.602833
0.226643 0.546806 0.534874 0.534874 0.534874
0.288959 0.521136 0.521363 0.521363 0.521363
0.366834 0.231594 0.638778 0.638778 0.638778
0.097812 0.488898 0.628712 0.628712 0.628712
0.205788 0.624060 0.504463 0.504463 0.504463
0.021813 0.679136 0.542535 0.542535 0.542535
0.031984 0.604485 0.582407 0.582407 0.582407
0.480989 0.367437 0.506877 0.506877 0.506877
0.757225 0.012018 0.504930 0.504930 0.504930
0.078293 0.037739 0.973355 0.973355 0.973355
0.844390 0.114832 0.437995 0.437995 0.437995
0.068647 0.913287 0.423706 0.423706 0.423706
0.379030 0.203816 0.646909 0.646909 0.646909
0.134434 0.098712 0.905839 0.905839 0.905839
0.410331 0.261871 0.594495 0.594495 0.594495
0.535577 0.335357 0.495427 0.495427 0.495427
0.028311 0.679728 0.539979 0.539979 0.539979
0.016337 0.136553 0.950034 0.950034 0.950034
0.048008 0.721228 0.511637 0.511637 0.511637
0.391264 0.106762 0.694535 0.694535 0.694535
0.344645 0.653757 0.443557 0.443557 0.443557
0.493287 0.494174 0.451739 0.451739 0.451739
0.065638 0.220948 0.859820 0.859820 0.859820
0.186264 0.715037 0.469894 0.469894 0.469894
0.288476 0.096279 0.783480 0.783480 0.783480
0.246271 0.109078 0.810065 0.810065 0.810065
0.054134 0.665837 0.538568 0.538568 0.538568
0.235809 0.698746 0.460879 0.460879 0.460879
0.288331 0.197810 0.715468 0.715468 0.715468
0.545481 0.030541 0.621086 0.621086 0.621086
0.433876 0.255926 0.583711 0.583711 0.583711
0.246034 0.500022 0.551241 0.551241 0.551241
0.118558 0.479922 0.624598 0.624598 0.624598
0.169199 0.095278 0.882074 0.882074 0.882074
0.544117 0.390133 0.470620 0.470620 0.470620
0.090192 0.382334 0.710944 0.710944 0.710944
0.470358 0.140558 0.619978 0.619978 0.619978
0.293891 0.194511 0.713554 0.713554 0.713554
0.091241 0.423279 0.678974 0.678974 0.678974
0.572058 0.182922 0.539838 0.539838 0.539838
0.427063 0.239932 0.596068 0.596068 0.596068
0.388874 0.113488 0.692492 0.692492 0.692492
0.375268 0.028674 0.751051 0.751051 0.751051
0.199943 0.489901 0.578546 0.578546 0.578546
0.130925 0.832073 0.438484 0.438484 0.438484
0.211081 0.021319 0.893695 0.893695 0.893695
0.459599 0.287306 0.553751 0.553751 0.553751
0.176995 0.500472 0.583164 0.583164 0.583164
0.210679 0.471088 0.584501 0.584501 0.584501
0.012091 0.940381 0.426769 0.426769 0.426769
0.216693 0.318028 0.681365 0.681365 0.681365
0.085764 0.042431 0.967816 0.967816 0.967816
0.006048 0.928555 0.432542 0.432542 0.432542
0.188764 0.478350 0.590897 0.590897 0.590897
0.613581 0.096730 0.551712 0.551712 0.551712
0.116327 0.818149 0.447862 0.447862 0.447862
0.049436 0.182453 0.900651 0.900651 0.900651
0.427163 0.277560 0.576494 0.576494 0.576494
0.655027 0.149865 0.509873 0.509873 0.509873
0.081824 0.340395 0.749546 0.749546 0.749546
0.454650 0.481405 0.471116 0.471116 0.471116
0.115192 0.027025 0.958408 0.958408 0.958408
0.292172 0.351009 0.613348 0.613348 0.613348
0.273063 0.199669 0.725612 0.725612 0.725612
0.109269 0.453798 0.647269 0.647269 0.647269
0.323289 0.432391 0.550806 0.550806 0.550806
0.331233 0.174686 0.698716 0.698716 0.698716
0.009586 0.083470 0.980535 0.980535 0.980535
0.790325 0.133171 0.454394 0.454394 0.454394
0.112707 0.173389 0.866756 0.866756 0.866756
0.008143 0.609062 0.588758 0.588758 0.588758
0.020464 0.168620 0.926497 0.926497 0.926497
0.200346 0.196636 0.783166 0.783166 0.783166
0.661865 0.060471 0.538479 0.538479 0.538479
0.257357 0.600742 0.496093 0.496093 0.496093
0.435812 0.473124 0.481904 0.481904 0.481904
0.034079 0.583201 0.594894 0.594894 0.594894
0.162321 0.656860 0.504510 0.504510 0.504510
0.142997 0.372027 0.687866 0.687866 0.687866
0.116616 0.708016 0.495692 0.495692 0.495692
0.209024 0.431651 0.609550 0.609550 0.609550
0.168396 0.015487 0.929024 0.929024 0.929024
0.277452 0.015936 0.841348 0.841348 0.841348
0.660714 0.167168 0.500931 0.500931 0.500931
0.400994 0.106216 0.687461 0.687461 0.687461
0.432266 0.372410 0.527516 0.527516 0.527516
0.062426 0.801882 0.469587 0.469587 0.469587
0.306115 0.489688 0.529486 0.529486 0.529486
0.044234 0.339493 0.772399 0.772399 0.772399
0.829681 0.048370 0.461544 0.461544 0.461544
0.312801 0.079668 0.773712 0.773712 0.773712
0.000746 0.052677 0.993017 0.993017 0.993017
0.095444 0.737858 0.488517 0.488517 0.488517
0.240997 0.730881 0.446403 0.446403 0.446403
0.013200 0.422836 0.720131 0.720131 0.720131
0.146240 0.452129 0.629223 0.629223 0.629223
0.073959 0.057263 0.967118 0.967118 0.967118
0.015478 0.417744 0.723093 0.723093 0.723093
0.537433 0.016948 0.632423 0.632423 0.632423
0.388055 0.301455 0.586291 0.586291 0.586291
0.178252 0.701099 0.478562 0.478562 0.478562
0.404130 0.333661 0.560569 0.560569 0.560569
0.218150 0.539126 0.542574 0.542574 0.542574
0.520965 0.301894 0.515959 0.515959 0.515959
0.147996 0.666528 0.504904 0.504904 0.504904
0.509191 0.178132 0.577422 0.577422 0.577422
0.009740 0.871986 0.453926 0.453926 0.453926
0.673293 0.000920 0.552973 0.552973 0.552973
0.089581 0.171121 0.884398 0.884398 0.884398
0.904856 0.032601 0.435354 0.435354 0.435354
0.307239 0.561200 0.494999 0.494999 0.494999
0.028181 0.881867 0.445368 0.445368 0.445368
0.322510 0.669175 0.444821 0.444821 0.444821
0.353056 0.190433 0.672982 0.672982 0.672982
0.003220 0.631083 0.577007 0.577007 0.577007
0.009511 0.460726 0.692031 0.692031 0.692031
0.479507 0.018362 0.673565 0.673565 0.673565
0.507797 0.156405 0.588425 0.588425 0.588425
0.108346 0.144477 0.891939 0.891939 0.891939
0.121560 0.644765 0.525388 0.525388 0.525388
0.450565 0.376272 0.517077 0.517077 0.517077
0.213095 0.190924 0.777694 0.777694 0.777694
0.155146 0.571747 0.551565 0.551565 0.551565
0.359595 0.517978 0.493526 0.493526 0.493526
0.172229 0.120612 0.862041 0.862041 0.862041
0.175727 0.589507 0.533491 0.533491 0.533491
0.295817 0.226188 0.690921 0.690921 0.690921
0.597169 0.384619 0.451717 0.451717 0.451717
0.330318 0.417014 0.555424 0.555424 0.555424
0.093470 0.251806 0.815971 0.815971 0.815971
0.631492 0.290441 0.470560 0.470560 0.470560
0.089860 0.382909 0.710683 0.710683 0.710683
0.261756 0.734719 0.438717 0.438717 0.438717
0.356474 0.175624 0.679593 0.679593 0.679593
0.882099 0.017337 0.447942 0.447942 0.447942
0.503150 0.269751 0.538852 0.538852 0.538852
0.452363 0.343877 0.530912 0.530912 0.530912
0.491178 0.415931 0.482409 0.482409 0.482409
0.517418 0.107769 0.605089 0.605089 0.605089
0.754397 0.093692 0.481485 0.481485 0.481485
0.206353 0.120346 0.834980 0.834980 0.834980
0.144497 0.182239 0.836695 0.836695 0.836695
0.080061 0.260728 0.817262 0.817262 0.817262
0.181121 0.405644 0.641820 0.641820 0.641820
0.928504 0.022513 0.428804 0.428804 0.428804
0.195225 0.574741 0.533349 0.533349 0.533349
0.195529 0.312719 0.698942 0.698942 0.698942
0.350331 0.161485 0.692795 0.692795 0.692795
0.392107 0.178766 0.652453 0.652453 0.652453
0.182387 0.422886 0.629534 0.629534 0.629534
0.129317 0.094229 0.912444 0.912444 0.912444
0.573278 0.401476 0.455011 0.455011 0.455011
0.219429 0.529076 0.547428 0.547428 0.547428
0.330451 0.304051 0.618858 0.618858 0.618858
0.227932 0.699888 0.462936 0.462936 0.462936
0.271894 0.361469 0.618674 0.618674 0.618674
0.437476 0.033604 0.698298 0.698298 0.698298
0.635026 0.068806 0.550305 0.550305 0.550305
0.355072 0.319600 0.595282 0.595282 0.595282
0.161984 0.469136 0.609984 0.609984 0.609984
0.648951 0.345554 0.445073 0.445073 0.445073
0.076333 0.407619 0.699012 0.699012 0.699012
0.544435 0.180019 0.556231 0.556231 0.556231
0.036066 0.718359 0.516939 0.516939 0.516939
0.300988 0.031351 0.812578 0.812578 0.812578
0.279943 0.468666 0.552387 0.552387 0.552387
0.008112 0.674854 0.549623 0.549623 0.549623
0.213099 0.105629 0.839802 0.839802 0.839802
0.310199 0.610959 0.472214 0.472214 0.472214
0.237738 0.221198 0.736657 0.736657 0.736657
0.121600 0.576547 0.562846 0.562846 0.562846
0.841292 0.090823 0.445499 0.445499 0.445499
0.664388 0.266472 0.465024 0.465024 0.465024
0.319300 0.153657 0.721276 0.721276 0.721276
0.456946 0.281005 0.558211 0.558211 0.558211
0.076540 0.440085 0.674235 0.674235 0.674235
0.342052 0.527143 0.496521 0.496521 0.496521
0.448135 0.457424 0.483355 0.483355 0.483355
0.004247 0.875372 0.453900 0.453900 0.453900
0.487889 0.481948 0.458235 0.458235 0.458235
0.699904 0.056377 0.519737 0.519737 0.519737
0.094115 0.637709 0.539340 0.539340 0.539340
0.682600 0.042306 0.533614 0.533614 0.533614
0.343530 0.240707 0.648762 0.648762 0.648762
0.150841 0.323878 0.719560 0.719560 0.719560
0.655494 0.289065 0.461117 0.461117 0.461117
0.285552 0.328192 0.631377 0.631377 0.631377
0.185760 0.304860 0.711206 0.711206 0.711206
0.027532 0.067993 0.981460 0.981460 0.981460
0.190004 0.745210 0.456115 0.456115 0.456115
0.142317 0.775960 0.457656 0.457656 0.457656
0.028342 0.667833 0.546555 0.546555 0.546555
0.634494 0.155608 0.518032 0.518032 0.518032
0.429310 0.344462 0.542159 0.542159 0.542159
0.229472 0.219480 0.744049 0.744049 0.744049
0.185441 0.324668 0.696694 0.696694 0.696694
0.762653 0.006715 0.503847 0.503847 0.503847
0.314051 0.397830 0.574095 0.574095 0.574095
0.371224 0.613229 0.450142 0.450142 0.450142
0.571204 0.084009 0.581771 0.581771 0.581771
0.726182 0.001151 0.524018 0.524018 0.524018
0.068535 0.462449 0.661839 0.661839 0.661839
0.572650 0.424349 0.447302 0.447302 0.447302
0.092660 0.460916 0.650752 0.650752 0.650752
0.741104 0.229840 0.445775 0.445775 0.445775
0.372865 0.322472 0.583558 0.583558 0.583558
0.000152 0.784739 0.495086 0.495086 0.495086
0.281058 0.471357 0.550421 0.550421 0.550421
0.157786 0.035763 0.926588 0.926588 0.926588
0.337754 0.175874 0.693131 0.693131 0.693131
0.129260 0.278242 0.770045 0.770045 0.770045
0.310885 0.473486 0.535488 0.535488 0.535488
0.307027 0.152721 0.731413 0.731413 0.731413
0.064149 0.658875 0.538792 0.538792 0.538792
0.108917 0.607389 0.550411 0.550411 0.550411
0.265393 0.191745 0.736945 0.736945 0.736945
0.494352 0.261573 0.547186 0.547186 0.547186
0.425173 0.242850 0.595675 0.595675 0.595675
0.719187 0.082576 0.501471 0.501471 0.501471
0.126134 0.730938 0.482014 0.482014 0.482014
0.219608 0.765500 0.439385 0.439385 0.439385
0.073605 0.811338 0.462411 0.462411 0.462411
0.119415 0.287498 0.769102 0.769102 0.769102
0.822669 0.091113 0.452903 0.452903 0.452903
0.501085 0.423791 0.475245 0.475245 0.475245
0.597083 0.316637 0.475749 0.475749 0.475749
0.527350 0.453407 0.453936 0.453936 0.453936
0.325751 0.574271 0.482135 0.482135 0.482135
0.594157 0.355557 0.463005 0.463005 0.463005
0.582140 0.352382 0.469008 0.469008 0.469008
0.312659 0.679017 0.444208 0.444208 0.444208
0.413581 0.364213 0.540557 0.540557 0.540557
0.028867 0.945174 0.421276 0.421276 0.421276
0.203188 0.208935 0.771651 0.771651 0.771651
0.359062 0.290718 0.609311 0.609311 0.609311
0.435533 0.236231 0.592891 0.592891 0.592891
0.769524 0.119396 0.467097 0.467097 0.467097
0.268423 0.607304 0.488974 0.488974 0.488974
0.424053 0.549862 0.455967 0.455967 0.455967
0.008045 0.458725 0.694275 0.694275 0.694275
0.324245 0.338055 0.602502 0.602502 0.602502
0.478543 0.229715 0.570876 0.570876 0.570876
0.581043 0.350218 0.470242 0.470242 0.470242
0.132035 0.662010 0.512794 0.512794 0.512794
0.150412 0.416159 0.651687 0.651687 0.651687
0.146878 0.841929 0.430569 0.430569 0.430569
0.097821 0.832917 0.446970 0.446970 0.446970
0.400497 0.256441 0.603349 0.603349 0.603349
0.074309 0.613461 0.560526 0.560526 0.560526
