1.000000 0.000000 -1.000000 -1.000000 0.000000
0.000000 1.000000 1.000000 -1.000000 0.000000
0.000000 0.000000 0.000000 1.000000 -0.000000
0.049799 0.814724 0.427707 0.427707 0.427707
0.740800 0.094208 0.473089 0.473089 0.473089
0.095855 0.873013 0.379778 0.379778 0.379778
0.134410 0.086624 0.666033 0.666033 0.666033
0.059474 0.632359 0.587059 0.587059 0.587059
0.355239 0.097540 0.876616 0.876616 0.876616
0.533120 0.278498 0.596230 0.596230 0.596230
0.539763 0.453119 0.450975 0.450975 0.450975
0.953968 0.042493 0.347803 0.347803 0.347803
0.932583 0.035111 0.359870 0.359870 0.359870
0.116548 0.157613 0.740680 0.740680 0.740680
0.951702 0.029407 0.351235 0.351235 0.351235
0.067029 0.042833 0.539347 0.539347 0.539347
0.283481 0.514624 0.615973 0.615973 0.615973
0.097310 0.199720 0.766716 0.766716 0.766716
0.853330 0.141886 0.379364 0.379364 0.379364
0.465774 0.421761 0.541476 0.541476 0.541476
0.555499 0.084264 0.674079 0.674079 0.674079
0.670638 0.207793 0.490984 0.490984 0.490984
0.463155 0.040508 0.763662 0.763662 0.763662
0.453669 0.344259 0.636534 0.636534 0.636534
0.602994 0.035712 0.620763 0.620763 0.620763
0.061054 0.150871 0.650935 0.650935 0.650935
0.615353 0.066007 0.604853 0.604853 0.604853
0.077474 0.321265 0.844612 0.844612 0.844612
0.498387 0.242260 0.675894 0.675894 0.675894
0.217891 0.256868 0.991963 0.991963 0.991963
0.185685 0.392227 0.888139 0.888139 0.888139
0.170657 0.655478 0.523996 0.523996 0.523996
0.526900 0.171187 0.684555 0.684555 0.684555
0.503326 0.293954 0.621448 0.621448 0.621448
0.651617 0.031833 0.570267 0.570267 0.570267
0.149352 0.723077 0.469536 0.469536 0.469536
0.804715 0.046171 0.435545 0.435545 0.435545
0.091200 0.902868 0.364157 0.364157 0.364157
0.645361 0.176542 0.531711 0.531711 0.531711
0.179989 0.694829 0.481792 0.481792 0.481792
0.080849 0.682901 0.529784 0.529784 0.529784
0.440811 0.049778 0.787366 0.787366 0.787366
0.301948 0.034446 0.763715 0.763715 0.763715
0.435359 0.438744 0.555616 0.555616 0.555616
0.408233 0.381558 0.652813 0.652813 0.652813
0.183267 0.765517 0.423388 0.423388 0.423388
0.168359 0.795200 0.407912 0.407912 0.407912
0.404396 0.186873 0.869550 0.869550 0.869550
0.052246 0.489764 0.746617 0.746617 0.746617
0.066845 0.445586 0.796502 0.796502 0.796502
0.440288 0.353687 0.643791 0.643791 0.643791
0.630240 0.290635 0.482496 0.482496 0.482496
0.562218 0.245313 0.585716 0.585716 0.585716
0.018201 0.276025 0.717333 0.717333 0.717333
0.317479 0.679703 0.427184 0.427184 0.427184
0.365802 0.344902 0.764253 0.764253 0.764253
0.193427 0.162612 0.865357 0.865357 0.865357
0.424969 0.118998 0.843528 0.843528 0.843528
0.272281 0.501636 0.644036 0.644036 0.644036
0.533499 0.040256 0.696701 0.696701 0.696701
0.217143 0.659614 0.496643 0.496643 0.496643
0.393443 0.414732 0.629770 0.629770 0.629770
0.758414 0.223812 0.412960 0.412960 0.412960
0.572513 0.248733 0.570682 0.570682 0.570682
0.075936 0.744905 0.474734 0.474734 0.474734
0.446031 0.494043 0.493392 0.493392 0.493392
0.111743 0.300923 0.889042 0.889042 0.889042
0.314068 0.109097 0.889984 0.889984 0.889984
0.540248 0.040709 0.689569 0.689569 0.689569
0.294727 0.547216 0.565613 0.565613 0.565613
0.099644 0.138624 0.689716 0.689716 0.689716
0.620550 0.149294 0.572281 0.572281 0.572281
0.067243 0.742492 0.478978 0.478978 0.478978
0.829239 0.159283 0.388843 0.388843 0.388843
0.413270 0.254282 0.803145 0.803145 0.803145
0.114117 0.185715 0.775781 0.775781 0.775781
0.742936 0.243525 0.415803 0.415803 0.415803
0.146501 0.070736 0.659061 0.659061 0.659061
0.257348 0.650016 0.483827 0.483827 0.483827
0.045063 0.803405 0.436718 0.436718 0.436718
0.206101 0.748916 0.426741 0.426741 0.426741
0.394942 0.383955 0.667405 0.667405 0.667405
0.460748 0.526711 0.455522 0.455522 0.455522
0.580745 0.351660 0.487863 0.487863 0.487863
0.624426 0.169171 0.558300 0.558300 0.558300
0.179768 0.414736 0.856318 0.856318 0.856318
0.282522 0.450276 0.710725 0.710725 0.710725
0.612427 0.082806 0.605023 0.605023 0.605023
0.034341 0.285839 0.751568 0.751568 0.751568
0.149521 0.242800 0.905238 0.905238 0.905238
0.315287 0.246271 0.962392 0.962392 0.962392
0.411486 0.380446 0.649921 0.649921 0.649921
0.095193 0.432178 0.825848 0.825848 0.825848
0.519937 0.075854 0.718764 0.718764 0.718764
0.593287 0.053950 0.631144 0.631144 0.631144
0.123621 0.469202 0.786752 0.786752 0.786752
0.135512 0.220833 0.857712 0.857712 0.857712
0.898977 0.065989 0.371786 0.371786 0.371786
0.715655 0.129906 0.483198 0.483198 0.483198
0.036268 0.568824 0.657785 0.657785 0.657785
0.143313 0.469391 0.783611 0.783611 0.783611
0.261143 0.011902 0.694609 0.694609 0.694609
0.274308 0.337123 0.907424 0.907424 0.907424
0.089675 0.837818 0.402818 0.402818 0.402818
0.230402 0.205715 0.967762 0.967762 0.967762
0.173893 0.688785 0.489995 0.489995 0.489995
0.148893 0.471467 0.778971 0.778971 0.778971
0.714804 0.165649 0.470246 0.470246 0.470246
0.073939 0.398018 0.835456 0.835456 0.835456
0.396809 0.262971 0.821960 0.821960 0.821960
0.183921 0.345921 0.945239 0.945239 0.945239
0.405315 0.310785 0.748914 0.748914 0.748914
0.736531 0.251848 0.416815 0.416815 0.416815
0.171035 0.549458 0.652232 0.652232 0.652232
0.003601 0.083821 0.516448 0.516448 0.516448
0.265525 0.228977 0.997099 0.997099 0.997099
0.471606 0.086663 0.779196 0.779196 0.779196
0.344432 0.152378 0.933438 0.933438 0.933438
0.288291 0.174183 0.964659 0.964659 0.964659
0.084934 0.461658 0.789974 0.789974 0.789974
0.443719 0.003865 0.741689 0.741689 0.741689
0.067373 0.078176 0.576330 0.576330 0.576330
0.046910 0.557322 0.671775 0.671775 0.671775
0.394803 0.106653 0.866408 0.866408 0.866408
0.941824 0.038102 0.354616 0.354616 0.354616
0.961048 0.004634 0.350744 0.350744 0.350744
0.751912 0.225090 0.417005 0.417005 0.417005
0.180490 0.182697 0.877225 0.877225 0.877225
0.548214 0.131305 0.672537 0.672537 0.672537
0.569331 0.084436 0.656702 0.656702 0.656702
0.255658 0.600217 0.534428 0.534428 0.534428
0.695070 0.259870 0.444154 0.444154 0.444154
0.460188 0.199932 0.771254 0.771254 0.771254
0.181355 0.568586 0.620255 0.620255 0.620255
0.043644 0.089352 0.562239 0.562239 0.562239
0.164208 0.818153 0.394260 0.394260 0.394260
0.640842 0.263803 0.488623 0.488623 0.488623
0.571788 0.145539 0.634688 0.634688 0.634688
0.061820 0.136069 0.634695 0.634695 0.634695
0.053151 0.869292 0.391640 0.391640 0.391640
0.207089 0.420295 0.832912 0.832912 0.832912
0.442046 0.549860 0.450925 0.450925 0.450925
0.174758 0.144955 0.810146 0.810146 0.810146
0.386964 0.146969 0.894852 0.894852 0.894852
0.060722 0.377945 0.826839 0.826839 0.826839
0.449496 0.350952 0.634597 0.634597 0.634597
0.348749 0.513250 0.558587 0.558587 0.558587
0.215859 0.401808 0.857544 0.857544 0.857544
0.161612 0.075967 0.684999 0.684999 0.684999
0.719613 0.239916 0.434409 0.434409 0.434409
0.623725 0.123319 0.579467 0.579467 0.579467
0.311321 0.183908 0.968866 0.968866 0.968866
0.062557 0.760047 0.465688 0.465688 0.465688
0.398990 0.582733 0.454172 0.454172 0.454172
0.126890 0.049654 0.608825 0.608825 0.608825
0.204543 0.097284 0.772811 0.772811 0.772811
0.007269 0.944787 0.358392 0.358392 0.358392
0.261288 0.490864 0.669933 0.669933 0.669933
0.033309 0.510747 0.717432 0.717432 0.717432
0.225446 0.662281 0.489784 0.489784 0.489784
0.243893 0.099946 0.823929 0.823929 0.823929
0.597485 0.369247 0.461571 0.461571 0.461571
0.725925 0.111203 0.480568 0.480568 0.480568
0.657616 0.219748 0.497188 0.497188 0.497188
0.399959 0.389739 0.653271 0.653271 0.653271
0.485556 0.241691 0.696034 0.696034 0.696034
0.103646 0.403912 0.857004 0.857004 0.857004
0.680126 0.096455 0.528028 0.528028 0.528028
0.377725 0.131973 0.896913 0.896913 0.896913
0.896994 0.057949 0.374567 0.374567 0.374567
0.608103 0.043865 0.615112 0.615112 0.615112
0.332712 0.424791 0.690914 0.690914 0.690914
0.504975 0.059780 0.733258 0.733258 0.733258
0.212339 0.234780 0.977411 0.977411 0.977411
0.593689 0.353159 0.475319 0.475319 0.475319
0.143705 0.178806 0.814067 0.814067 0.814067
0.579615 0.015403 0.643117 0.643117 0.643117
0.048543 0.043024 0.522052 0.522052 0.522052
0.021873 0.168990 0.618318 0.618318 0.618318
0.092589 0.649116 0.561335 0.561335 0.561335
0.138431 0.731722 0.466242 0.466242 0.466242
0.141073 0.352254 0.920925 0.920925 0.920925
0.170576 0.450924 0.803071 0.803071 0.803071
0.265479 0.452991 0.724655 0.724655 0.724655
0.415874 0.296321 0.750038 0.750038 0.750038
0.368128 0.255307 0.878853 0.878853 0.878853
0.000829 0.811045 0.439288 0.439288 0.439288
0.000717 0.686775 0.538760 0.538760 0.538760
0.430778 0.183511 0.829438 0.829438 0.829438
0.287586 0.368485 0.840394 0.840394 0.840394
0.441388 0.374381 0.618591 0.618591 0.618591
0.449513 0.219773 0.773906 0.773906 0.773906
0.539455 0.081126 0.694561 0.694561 0.694561
0.387883 0.070614 0.836184 0.836184 0.836184
0.079327 0.224287 0.766709 0.766709 0.766709
0.397357 0.513208 0.516349 0.516349 0.516349
0.075524 0.435859 0.810724 0.810724 0.810724
0.202574 0.553216 0.627622 0.627622 0.627622
0.585589 0.306349 0.515044 0.515044 0.515044
0.097901 0.508509 0.734112 0.734112 0.734112
0.380958 0.489228 0.555598 0.555598 0.555598
0.178488 0.182372 0.873765 0.873765 0.873765
0.711949 0.205169 0.455908 0.455908 0.455908
0.188124 0.355682 0.935353 0.935353 0.935353
0.481247 0.378609 0.566676 0.566676 0.566676
0.011453 0.188420 0.624209 0.624209 0.624209
0.481751 0.467174 0.486482 0.486482 0.486482
0.340837 0.649273 0.437527 0.437527 0.437527
0.179078 0.060998 0.684107 0.684107 0.684107
0.107537 0.875943 0.375245 0.375245 0.375245
0.061228 0.550156 0.681249 0.681249 0.681249
0.402164 0.377525 0.666068 0.666068 0.666068
0.063683 0.412955 0.817397 0.817397 0.817397
0.252120 0.207742 0.983586 0.983586 0.983586
0.680303 0.301246 0.434990 0.434990 0.434990
0.371107 0.529077 0.522554 0.522554 0.522554
0.575016 0.230488 0.580442 0.580442 0.580442
0.730307 0.155691 0.461038 0.461038 0.461038
0.364012 0.194764 0.924558 0.924558 0.924558
0.626249 0.225922 0.525194 0.525194 0.525194
0.589790 0.170708 0.598871 0.598871 0.598871
0.027317 0.772336 0.463396 0.463396 0.463396
0.091286 0.435699 0.820298 0.820298 0.820298
0.599075 0.311102 0.498529 0.498529 0.498529
0.567930 0.076620 0.659401 0.659401 0.659401
0.063271 0.569793 0.658016 0.658016 0.658016
0.230801 0.184816 0.943907 0.943907 0.943907
0.631535 0.095119 0.579973 0.579973 0.579973
0.334386 0.020252 0.759671 0.759671 0.759671
0.119277 0.561130 0.659139 0.659139 0.659139
0.181559 0.111119 0.765265 0.765265 0.765265
0.579607 0.258065 0.555735 0.555735 0.555735
0.457544 0.408720 0.562908 0.562908 0.562908
0.044452 0.405104 0.800386 0.800386 0.800386
0.695734 0.262212 0.442495 0.442495 0.442495
0.400207 0.397157 0.643510 0.643510 0.643510
0.121228 0.711216 0.490252 0.490252 0.490252
0.052961 0.778253 0.453635 0.453635 0.453635
0.557619 0.117418 0.664410 0.664410 0.664410
0.047544 0.296676 0.781693 0.781693 0.781693
0.261032 0.318778 0.946920 0.946920 0.946920
0.206076 0.575833 0.595655 0.595655 0.595655
0.378949 0.507858 0.537573 0.537573 0.537573
0.079051 0.914484 0.360632 0.360632 0.360632
0.555945 0.262482 0.580570 0.580570 0.580570
0.563946 0.198985 0.615584 0.615584 0.615584
0.704859 0.029220 0.519690 0.519690 0.519690
0.172992 0.071146 0.691891 0.691891 0.691891
0.168931 0.730331 0.455902 0.455902 0.455902
0.167063 0.488609 0.745085 0.745085 0.745085
0.139848 0.578525 0.628355 0.628355 0.628355
0.205924 0.762716 0.416882 0.416882 0.416882
0.327378 0.458849 0.648210 0.648210 0.648210
0.569017 0.036911 0.657656 0.657656 0.657656
0.226643 0.546806 0.619411 0.619411 0.619411
0.288959 0.521136 0.602567 0.602567 0.602567
0.366834 0.231594 0.902341 0.902341 0.902341
0.097812 0.488898 0.759827 0.759827 0.759827
0.205788 0.624060 0.539117 0.539117 0.539117
0.021813 0.679136 0.544381 0.544381 0.544381
0.031984 0.604485 0.619102 0.619102 0.619102
0.480989 0.367437 0.577930 0.577930 0.577930
0.757225 0.012018 0.477753 0.477753 0.477753
0.078293 0.037739 0.545100 0.545100 0.545100
0.844390 0.114832 0.392137 0.392137 0.392137
0.068647 0.913287 0.363460 0.363460 0.363460
0.379030 0.203816 0.900712 0.900712 0.900712
0.134434 0.098712 0.682871 0.682871 0.682871
0.410331 0.261871 0.799970 0.799970 0.799970
0.535577 0.335357 0.545397 0.545397 0.545397
0.028311 0.679728 0.543137 0.543137 0.543137
0.016337 0.136553 0.578744 0.578744 0.578744
0.048008 0.721228 0.501715 0.501715 0.501715
0.391264 0.106762 0.869129 0.869129 0.869129
0.344645 0.653757 0.432068 0.432068 0.432068
0.493287 0.494174 0.456345 0.456345 0.456345
0.065638 0.220948 0.740191 0.740191 0.740191
0.186264 0.715037 0.461507 0.461507 0.461507
0.288476 0.096279 0.857411 0.857411 0.857411
0.246271 0.109078 0.842130 0.842130 0.842130
0.054134 0.665837 0.552924 0.552924 0.552924
0.235809 0.698746 0.452741 0.452741 0.452741
0.288331 0.197810 0.982543 0.982543 0.982543
0.545481 0.030541 0.681500 0.681500 0.681500
0.433876 0.255926 0.766276 0.766276 0.766276
0.246034 0.500022 0.670139 0.670139 0.670139
0.118558 0.479922 0.772089 0.772089 0.772089
0.169199 0.095278 0.723689 0.723689 0.723689
0.544117 0.390133 0.493142 0.493142 0.493142
0.090192 0.382334 0.859560 0.859560 0.859560
0.470358 0.140558 0.782801 0.782801 0.782801
0.293891 0.194511 0.979800 0.979800 0.979800
0.091241 0.423279 0.832072 0.832072 0.832072
0.572058 0.182922 0.614765 0.614765 0.614765
0.427063 0.239932 0.793984 0.793984 0.793984
0.388874 0.113488 0.875900 0.875900 0.875900
0.375268 0.028674 0.783707 0.783707 0.783707
0.199943 0.489901 0.723015 0.723015 0.723015
0.130925 0.832073 0.395399 0.395399 0.395399
0.211081 0.021319 0.660849 0.660849 0.660849
0.459599 0.287306 0.691033 0.691033 0.691033
0.176995 0.500472 0.721226 0.721226 0.721226
0.210679 0.471088 0.745380 0.745380 0.745380
0.012091 0.940381 0.359848 0.359848 0.359848
0.216693 0.318028 0.971119 0.971119 0.971119
0.085764 0.042431 0.557336 0.557336 0.557336
0.006048 0.928555 0.366960 0.366960 0.366960
0.188764 0.478350 0.749053 0.749053 0.749053
0.613581 0.096730 0.600168 0.600168 0.600168
0.116327 0.818149 0.408571 0.408571 0.408571
0.049436 0.182453 0.671018 0.671018 0.671018
0.427163 0.277560 0.753754 0.753754 0.753754
0.655027 0.149865 0.533905 0.533905 0.533905
0.081824 0.340395 0.856161 0.856161 0.856161
0.454650 0.481405 0.497201 0.497201 0.497201
0.115192 0.027025 0.569874 0.569874 0.569874
0.292172 0.351009 0.863270 0.863270 0.863270
0.273063 0.199669 0.983687 0.983687 0.983687
0.109269 0.453798 0.806232 0.806232 0.806232
0.323289 0.432391 0.691124 0.691124 0.691124
0.331233 0.174686 0.954075 0.954075 0.954075
0.009586 0.083470 0.521890 0.521890 0.521890
0.790325 0.133171 0.422691 0.422691 0.422691
0.112707 0.173389 0.756620 0.756620 0.756620
0.008143 0.609062 0.612655 0.612655 0.612655
0.020464 0.168620 0.616100 0.616100 0.616100
0.200346 0.196636 0.924556 0.924556 0.924556
0.661865 0.060471 0.555759 0.555759 0.555759
0.257357 0.600742 0.532743 0.532743 0.532743
0.435812 0.473124 0.521199 0.521199 0.521199
0.034079 0.583201 0.642001 0.642001 0.642001
0.162321 0.656860 0.526440 0.526440 0.526440
0.142997 0.372027 0.907805 0.907805 0.907805
0.116616 0.708016 0.494759 0.494759 0.494759
0.209024 0.431651 0.812475 0.812475 0.812475
0.168396 0.015487 0.609438 0.609438 0.609438
0.277452 0.015936 0.714910 0.714910 0.714910
0.660714 0.167168 0.520265 0.520265 0.520265
0.400994 0.106216 0.861171 0.861171 0.861171
0.432266 0.372410 0.632511 0.632511 0.632511
0.062426 0.801882 0.433934 0.433934 0.433934
0.306115 0.489688 0.628101 0.628101 0.628101
0.044234 0.339493 0.799356 0.799356 0.799356
0.829681 0.048370 0.417809 0.417809 0.417809
0.312801 0.079668 0.844428 0.844428 0.844428
0.000746 0.052677 0.487852 0.487852 0.487852
0.095444 0.737858 0.475210 0.475210 0.475210
0.240997 0.730881 0.425527 0.425527 0.425527
0.013200 0.422836 0.758824 0.758824 0.758824
0.146240 0.452129 0.808691 0.808691 0.808691
0.073959 0.057263 0.561030 0.561030 0.561030
0.015478 0.417744 0.762799 0.762799 0.762799
0.537433 0.016948 0.685038 0.685038 0.685038
0.388055 0.301455 0.789430 0.789430 0.789430
0.178252 0.701099 0.476949 0.476949 0.476949
0.404130 0.333661 0.720830 0.720830 0.720830
0.218150 0.539126 0.636135 0.636135 0.636135
0.520965 0.301894 0.591336 0.591336 0.591336
0.147996 0.666528 0.522829 0.522829 0.522829
0.509191 0.178132 0.707136 0.707136 0.707136
0.009740 0.871986 0.398242 0.398242 0.398242
0.673293 0.000920 0.550987 0.550987 0.550987
0.089581 0.171121 0.717439 0.717439 0.717439
0.904856 0.032601 0.375156 0.375156 0.375156
0.307239 0.561200 0.539954 0.539954 0.539954
0.028181 0.881867 0.389092 0.389092 0.389092
0.322510 0.669175 0.432387 0.432387 0.432387
0.353056 0.190433 0.938214 0.938214 0.938214
0.003220 0.631083 0.590750 0.590750 0.590750
0.009511 0.460726 0.739514 0.739514 0.739514
0.479507 0.018362 0.735077 0.735077 0.735077
0.507797 0.156405 0.720693 0.720693 0.720693
0.108346 0.144477 0.710174 0.710174 0.710174
0.121560 0.644765 0.556429 0.556429 0.556429
0.450565 0.376272 0.605091 0.605091 0.605091
0.213095 0.190924 0.932763 0.932763 0.932763
0.155146 0.571747 0.630202 0.630202 0.630202
0.359595 0.517978 0.543822 0.543822 0.543822
0.172229 0.120612 0.767575 0.767575 0.767575
0.175727 0.589507 0.596503 0.596503 0.596503
0.295817 0.226188 0.986700 0.986700 0.986700
0.597169 0.384619 0.452002 0.452002 0.452002
0.330318 0.417014 0.705551 0.705551 0.705551
0.093470 0.251806 0.821077 0.821077 0.821077
0.631492 0.290441 0.481476 0.481476 0.481476
0.089860 0.382909 0.858955 0.858955 0.858955
0.261756 0.734719 0.413853 0.413853 0.413853
0.356474 0.175624 0.933597 0.933597 0.933597
0.882099 0.017337 0.390910 0.390910 0.390910
0.503150 0.269751 0.644224 0.644224 0.644224
0.452363 0.343877 0.638719 0.638719 0.638719
0.491178 0.415931 0.521680 0.521680 0.521680
0.517418 0.107769 0.721312 0.721312 0.721312
0.754397 0.093692 0.462014 0.462014 0.462014
0.206353 0.120346 0.813756 0.813756 0.813756
0.144497 0.182239 0.820328 0.820328 0.820328
0.080061 0.260728 0.806837 0.806837 0.806837
0.181121 0.405644 0.869699 0.869699 0.869699
0.928504 0.022513 0.364228 0.364228 0.364228
0.195225 0.574741 0.603876 0.603876 0.603876
0.195529 0.312719 0.973113 0.973113 0.973113
0.350331 0.161485 0.934585 0.934585 0.934585
0.392107 0.178766 0.890014 0.890014 0.890014
0.182387 0.422886 0.842548 0.842548 0.842548
0.129317 0.094229 0.669987 0.669987 0.669987
0.573278 0.401476 0.460076 0.460076 0.460076
0.219429 0.529076 0.649351 0.649351 0.649351
0.330451 0.304051 0.879687 0.879687 0.879687
0.227932 0.699888 0.455514 0.455514 0.455514
0.271894 0.361469 0.871489 0.871489 0.871489
0.437476 0.033604 0.774791 0.774791 0.774791
0.635026 0.068806 0.582501 0.582501 0.582501
0.355072 0.319600 0.818354 0.818354 0.818354
0.161984 0.469136 0.777922 0.777922 0.777922
0.648951 0.345554 0.435162 0.435162 0.435162
0.076333 0.407619 0.832431 0.832431 0.832431
0.544435 0.180019 0.654102 0.654102 0.654102
0.036066 0.718359 0.506512 0.506512 0.506512
0.300988 0.031351 0.757972 0.757972 0.757972
0.279943 0.468666 0.684969 0.684969 0.684969
0.008112 0.674854 0.549334 0.549334 0.549334
0.213099 0.105629 0.797592 0.797592 0.797592
0.310199 0.610959 0.487961 0.487961 0.487961
0.237738 0.221198 0.986252 0.986252 0.986252
0.121600 0.576547 0.638082 0.638082 0.638082
0.841292 0.090823 0.400308 0.400308 0.400308
0.664388 0.266472 0.466070 0.466070 0.466070
0.319300 0.153657 0.944299 0.944299 0.944299
0.456946 0.281005 0.701905 0.701905 0.701905
0.076540 0.440085 0.807639 0.807639 0.807639
0.342052 0.527143 0.548994 0.548994 0.548994
0.448135 0.457424 0.524720 0.524720 0.524720
0.004247 0.875372 0.397113 0.397113 0.397113
0.487889 0.481948 0.469732 0.469732 0.469732
0.699904 0.056377 0.519357 0.519357 0.519357
0.094115 0.637709 0.573364 0.573364 0.573364
0.682600 0.042306 0.538442 0.538442 0.538442
0.343530 0.240707 0.930152 0.930152 0.930152
0.150841 0.323878 0.940723 0.940723 0.940723
0.655494 0.289065 0.461305 0.461305 0.461305
0.285552 0.328192 0.907489 0.907489 0.907489
0.185760 0.304860 0.972136 0.972136 0.972136
0.027532 0.067993 0.525288 0.525288 0.525288
0.190004 0.745210 0.435872 0.435872 0.435872
0.142317 0.775960 0.430120 0.430120 0.430120
0.028342 0.667833 0.554568 0.554568 0.554568
0.634494 0.155608 0.553520 0.553520 0.553520
0.429310 0.344462 0.669947 0.669947 0.669947
0.229472 0.219480 0.979595 0.979595 0.979595
0.185441 0.324668 0.962620 0.962620 0.962620
0.762653 0.006715 0.474221 0.474221 0.474221
0.314051 0.397830 0.756714 0.756714 0.756714
0.371224 0.613229 0.447690 0.447690 0.447690
0.571204 0.084009 0.654434 0.654434 0.654434
0.726182 0.001151 0.504461 0.504461 0.504461
0.068535 0.462449 0.781815 0.781815 0.781815
0.572650 0.424349 0.445431 0.445431 0.445431
0.092660 0.460916 0.793456 0.793456 0.793456
0.741104 0.229840 0.422797 0.422797 0.422797
0.372865 0.322472 0.785514 0.785514 0.785514
0.000152 0.784739 0.458305 0.458305 0.458305
0.281058 0.471357 0.679743 0.679743 0.679743
0.157786 0.035763 0.624737 0.624737 0.624737
0.337754 0.175874 0.950103 0.950103 0.950103
0.129260 0.278242 0.903258 0.903258 0.903258
0.310885 0.473486 0.645548 0.645548 0.645548
0.307027 0.152721 0.944420 0.944420 0.944420
0.064149 0.658875 0.558090 0.558090 0.558090
0.108917 0.607389 0.603845 0.603845 0.603845
0.265393 0.191745 0.975394 0.975394 0.975394
0.494352 0.261573 0.664499 0.664499 0.664499
0.425173 0.242850 0.794383 0.794383 0.794383
0.719187 0.082576 0.495191 0.495191 0.495191
0.126134 0.730938 0.471239 0.471239 0.471239
0.219608 0.765500 0.409710 0.409710 0.409710
0.073605 0.811338 0.424557 0.424557 0.424557
0.119415 0.287498 0.893837 0.893837 0.893837
0.822669 0.091113 0.412388 0.412388 0.412388
0.501085 0.423791 0.505579 0.505579 0.505579
0.597083 0.316637 0.496706 0.496706 0.496706
0.527350 0.453407 0.460292 0.460292 0.460292
0.325751 0.574271 0.512495 0.512495 0.512495
0.594157 0.355557 0.473322 0.473322 0.473322
0.582140 0.352382 0.486096 0.486096 0.486096
0.312659 0.679017 0.430141 0.430141 0.430141
0.413581 0.364213 0.667489 0.667489 0.667489
0.028867 0.945174 0.354576 0.354576 0.354576
0.203188 0.208935 0.943358 0.943358 0.943358
0.359062 0.290718 0.851988 0.851988 0.851988
0.435533 0.236231 0.783037 0.783037 0.783037
0.769524 0.119396 0.442339 0.442339 0.442339
0.268423 0.607304 0.518609 0.518609 0.518609
0.424053 0.549862 0.463398 0.463398 0.463398
0.008045 0.458725 0.739197 0.739197 0.739197
0.324245 0.338055 0.838525 0.838525 0.838525
0.478543 0.229715 0.717662 0.717662 0.717662
0.581043 0.350218 0.488596 0.488596 0.488596
0.132035 0.662010 0.533997 0.533997 0.533997
0.150412 0.416159 0.859584 0.859584 0.859584
0.146878 0.841929 0.384749 0.384749 0.384749
0.097821 0.832917 0.403895 0.403895 0.403895
0.400497 0.256441 0.822806 0.822806 0.822806
0.074309 0.613461 0.605576 0.605576 0.605576
