1.000000 0.000000 -1.000000 -1.000000 0.000000
0.000000 1.000000 1.000000 -1.000000 0.000000
0.000000 0.000000 0.000000 1.000000 -0.000000
0.049799 0.814724 0.621519 0.621519 0.621519
0.740800 0.094208 0.642115 0.642115 0.642115
0.095855 0.873013 0.583486 0.583486 0.583486
0.134410 0.086624 0.958763 0.958763 0.958763
0.059474 0.632359 0.707679 0.707679 0.707679
0.355239 0.097540 0.846978 0.846978 0.846978
0.533120 0.278498 0.674218 0.674218 0.674218
0.539763 0.453119 0.602378 0.602378 0.602378
0.953968 0.042493 0.564831 0.564831 0.564831
0.932583 0.035111 0.575173 0.575173 0.575173
0.116548 0.157613 0.938905 0.938905 0.938905
0.951702 0.029407 0.568944 0.568944 0.568944
0.067029 0.042833 0.989315 0.989315 0.989315
0.283481 0.514624 0.681022 0.681022 0.681022
0.097310 0.199720 0.927874 0.927874 0.927874
0.853330 0.141886 0.578725 0.578725 0.578725
0.465774 0.421761 0.645329 0.645329 0.645329
0.555499 0.084264 0.739963 0.739963 0.739963
0.670638 0.207793 0.636669 0.636669 0.636669
0.463155 0.040508 0.808354 0.808354 0.808354
0.453669 0.344259 0.684031 0.684031 0.684031
0.602994 0.035712 0.731612 0.731612 0.731612
0.061054 0.150871 0.960727 0.960727 0.960727
0.615353 0.066007 0.714384 0.714384 0.714384
0.077474 0.321265 0.874015 0.874015 0.874015
0.498387 0.242260 0.706335 0.706335 0.706335
0.217891 0.256868 0.844738 0.844738 0.844738
0.185685 0.392227 0.787449 0.787449 0.787449
0.170657 0.655478 0.656844 0.656844 0.656844
0.526900 0.171187 0.721201 0.721201 0.721201
0.503326 0.293954 0.682068 0.682068 0.682068
0.651617 0.031833 0.706907 0.706907 0.706907
0.149352 0.723077 0.632529 0.632529 0.632529
0.804715 0.046171 0.627104 0.627104 0.627104
0.091200 0.902868 0.572640 0.572640 0.572640
0.645361 0.176542 0.659579 0.659579 0.659579
0.179989 0.694829 0.635212 0.635212 0.635212
0.080849 0.682901 0.674491 0.674491 0.674491
0.440811 0.049778 0.817634 0.817634 0.817634
0.301948 0.034446 0.900580 0.900580 0.900580
0.435359 0.438744 0.651175 0.651175 0.651175
0.408233 0.381558 0.688552 0.688552 0.688552
0.183267 0.765517 0.602912 0.602912 0.602912
0.168359 0.795200 0.594943 0.594943 0.594943
0.404396 0.186873 0.780265 0.780265 0.780265
0.052246 0.489764 0.788761 0.788761 0.788761
0.066845 0.445586 0.808301 0.808301 0.808301
0.440288 0.353687 0.686150 0.686150 0.686150
0.630240 0.290635 0.625143 0.625143 0.625143
0.562218 0.245313 0.673598 0.673598 0.673598
0.018201 0.276025 0.919234 0.919234 0.919234
0.317479 0.679703 0.594850 0.594850 0.594850
0.365802 0.344902 0.725830 0.725830 0.725830
0.193427 0.162612 0.903220 0.903220 0.903220
0.424969 0.118998 0.798684 0.798684 0.798684
0.272281 0.501636 0.692017 0.692017 0.692017
0.533499 0.040256 0.768467 0.768467 0.768467
0.217143 0.659614 0.638408 0.638408 0.638408
0.393443 0.414732 0.680201 0.680201 0.680201
0.758414 0.223812 0.593165 0.593165 0.593165
0.572513 0.248733 0.667319 0.667319 0.667319
0.075936 0.744905 0.645938 0.645938 0.645938
0.446031 0.494043 0.623526 0.623526 0.623526
0.111743 0.300923 0.870834 0.870834 0.870834
0.314068 0.109097 0.864832 0.864832 0.864832
0.540248 0.040709 0.764512 0.764512 0.764512
0.294727 0.547216 0.661029 0.661029 0.661029
0.099644 0.138624 0.952768 0.952768 0.952768
0.620550 0.149294 0.681627 0.681627 0.681627
0.067243 0.742492 0.649805 0.649805 0.649805
0.829239 0.159283 0.583541 0.583541 0.583541
0.413270 0.254282 0.744641 0.744641 0.744641
0.114117 0.185715 0.927638 0.927638 0.927638
0.742936 0.243525 0.593306 0.593306 0.593306
0.146501 0.070736 0.959390 0.959390 0.959390
0.257348 0.650016 0.628422 0.628422 0.628422
0.045063 0.803405 0.628024 0.628024 0.628024
0.206101 0.748916 0.602761 0.602761 0.602761
0.394942 0.383955 0.693609 0.693609 0.693609
0.460748 0.526711 0.604630 0.604630 0.604630
0.580745 0.351660 0.623918 0.623918 0.623918
0.624426 0.169171 0.672406 0.672406 0.672406
0.179768 0.414736 0.777824 0.777824 0.777824
0.282522 0.450276 0.712984 0.712984 0.712984
0.612427 0.082806 0.709961 0.709961 0.709961
0.034341 0.285839 0.908955 0.908955 0.908955
0.149521 0.242800 0.884750 0.884750 0.884750
0.315287 0.246271 0.799940 0.799940 0.799940
0.411486 0.380446 0.687554 0.687554 0.687554
0.095193 0.432178 0.804542 0.804542 0.804542
0.519937 0.075854 0.762781 0.762781 0.762781
0.593287 0.053950 0.730487 0.730487 0.730487
0.123621 0.469202 0.772008 0.772008 0.772008
0.135512 0.220833 0.902043 0.902043 0.902043
0.898977 0.065989 0.580867 0.580867 0.580867
0.715655 0.129906 0.642353 0.642353 0.642353
0.036268 0.568824 0.750173 0.750173 0.750173
0.143313 0.469391 0.763683 0.763683 0.763683
0.261143 0.011902 0.928417 0.928417 0.928417
0.274308 0.337123 0.774666 0.774666 0.774666
0.089675 0.837818 0.599967 0.599967 0.599967
0.230402 0.205715 0.864384 0.864384 0.864384
0.173893 0.688785 0.640070 0.640070 0.640070
0.148893 0.471467 0.760194 0.760194 0.760194
0.714804 0.165649 0.630923 0.630923 0.630923
0.073939 0.398018 0.832563 0.832563 0.832563
0.396809 0.262971 0.749143 0.749143 0.749143
0.183921 0.345921 0.813588 0.813588 0.813588
0.405315 0.310785 0.722513 0.722513 0.722513
0.736531 0.251848 0.593275 0.593275 0.593275
0.171035 0.549458 0.709504 0.709504 0.709504
0.003601 0.083821 0.991876 0.991876 0.991876
0.265525 0.228977 0.834692 0.834692 0.834692
0.471606 0.086663 0.785692 0.785692 0.785692
0.344432 0.152378 0.828974 0.828974 0.828974
0.288291 0.174183 0.849405 0.849405 0.849405
0.084934 0.461658 0.792004 0.792004 0.792004
0.443719 0.003865 0.832717 0.832717 0.832717
0.067373 0.078176 0.981660 0.981660 0.981660
0.046910 0.557322 0.752743 0.752743 0.752743
0.394803 0.106653 0.820903 0.820903 0.820903
0.941824 0.038102 0.570721 0.570721 0.570721
0.961048 0.004634 0.571251 0.571251 0.571251
0.751912 0.225090 0.595460 0.595460 0.595460
0.180490 0.182697 0.900025 0.900025 0.900025
0.548214 0.131305 0.725833 0.725833 0.725833
0.569331 0.084436 0.732382 0.732382 0.732382
0.255658 0.600217 0.651631 0.651631 0.651631
0.695070 0.259870 0.607978 0.607978 0.607978
0.460188 0.199932 0.744367 0.744367 0.744367
0.181355 0.568586 0.695639 0.695639 0.695639
0.043644 0.089352 0.984196 0.984196 0.984196
0.164208 0.818153 0.586646 0.586646 0.586646
0.640842 0.263803 0.630180 0.630180 0.630180
0.571788 0.145539 0.707900 0.707900 0.707900
0.061820 0.136069 0.965804 0.965804 0.965804
0.053151 0.869292 0.596683 0.596683 0.596683
0.207089 0.420295 0.762502 0.762502 0.762502
0.442046 0.549860 0.602554 0.602554 0.602554
0.174758 0.144955 0.919752 0.919752 0.919752
0.386964 0.146969 0.807815 0.807815 0.807815
0.060722 0.377945 0.849161 0.849161 0.849161
0.449496 0.350952 0.683048 0.683048 0.683048
0.348749 0.513250 0.654702 0.654702 0.654702
0.215859 0.401808 0.768410 0.768410 0.768410
0.161612 0.075967 0.951904 0.951904 0.951904
0.719613 0.239916 0.604225 0.604225 0.604225
0.623725 0.123319 0.689504 0.689504 0.689504
0.311321 0.183908 0.832404 0.832404 0.832404
0.062557 0.760047 0.642930 0.642930 0.642930
0.398990 0.582733 0.605406 0.605406 0.605406
0.126890 0.049654 0.972175 0.972175 0.972175
0.204543 0.097284 0.925661 0.925661 0.925661
0.007269 0.944787 0.577154 0.577154 0.577154
0.261288 0.490864 0.702006 0.702006 0.702006
0.033309 0.510747 0.783855 0.783855 0.783855
0.225446 0.662281 0.634259 0.634259 0.634259
0.243893 0.099946 0.905585 0.905585 0.905585
0.597485 0.369247 0.610323 0.610323 0.610323
0.725925 0.111203 0.643651 0.643651 0.643651
0.657616 0.219748 0.638396 0.638396 0.638396
0.399959 0.389739 0.688639 0.688639 0.688639
0.485556 0.241691 0.713072 0.713072 0.713072
0.103646 0.403912 0.817027 0.817027 0.817027
0.680126 0.096455 0.670621 0.670621 0.670621
0.377725 0.131973 0.819591 0.819591 0.819591
0.896994 0.057949 0.583801 0.583801 0.583801
0.608103 0.043865 0.726018 0.726018 0.726018
0.332712 0.424791 0.702923 0.702923 0.702923
0.504975 0.059780 0.777297 0.777297 0.777297
0.212339 0.234780 0.858874 0.858874 0.858874
0.593689 0.353159 0.617858 0.617858 0.617858
0.143705 0.178806 0.918452 0.918452 0.918452
0.579615 0.015403 0.751455 0.751455 0.751455
0.048543 0.043024 0.992623 0.992623 0.992623
0.021873 0.168990 0.964763 0.964763 0.964763
0.092589 0.649116 0.687508 0.687508 0.687508
0.138431 0.731722 0.632137 0.632137 0.632137
0.141073 0.352254 0.829745 0.829745 0.829745
0.170576 0.450924 0.762134 0.762134 0.762134
0.265479 0.452991 0.719198 0.719198 0.719198
0.415874 0.296321 0.723939 0.723939 0.723939
0.368128 0.255307 0.767726 0.767726 0.767726
0.000829 0.811045 0.637116 0.637116 0.637116
0.000717 0.686775 0.698524 0.698524 0.698524
0.430778 0.183511 0.767412 0.767412 0.767412
0.287586 0.368485 0.752047 0.752047 0.752047
0.441388 0.374381 0.676499 0.676499 0.676499
0.449513 0.219773 0.741290 0.741290 0.741290
0.539455 0.081126 0.749949 0.749949 0.749949
0.387883 0.070614 0.839636 0.839636 0.839636
0.079327 0.224287 0.923232 0.923232 0.923232
0.397357 0.513208 0.635004 0.635004 0.635004
0.075524 0.435859 0.810410 0.810410 0.810410
0.202574 0.553216 0.695024 0.695024 0.695024
0.585589 0.306349 0.639010 0.639010 0.639010
0.097901 0.508509 0.760576 0.760576 0.760576
0.380958 0.489228 0.652136 0.652136 0.652136
0.178488 0.182372 0.901117 0.901117 0.901117
0.711949 0.205169 0.619051 0.619051 0.619051
0.188124 0.355682 0.806292 0.806292 0.806292
0.481247 0.378609 0.656661 0.656661 0.656661
0.011453 0.188420 0.960057 0.960057 0.960057
0.481751 0.467174 0.620065 0.620065 0.620065
0.340837 0.649273 0.599214 0.599214 0.599214
0.179078 0.060998 0.949731 0.949731 0.949731
0.107537 0.875943 0.579096 0.579096 0.579096
0.061228 0.550156 0.751484 0.751484 0.751484
0.402164 0.377525 0.693207 0.693207 0.693207
0.063683 0.412955 0.828145 0.828145 0.828145
0.252120 0.207742 0.852237 0.852237 0.852237
0.680303 0.301246 0.600123 0.600123 0.600123
0.371107 0.529077 0.638658 0.638658 0.638658
0.575016 0.230488 0.673245 0.673245 0.673245
0.730307 0.155691 0.627173 0.627173 0.627173
0.364012 0.194764 0.798644 0.798644 0.798644
0.626249 0.225922 0.650636 0.650636 0.650636
0.589790 0.170708 0.689041 0.689041 0.689041
0.027317 0.772336 0.647730 0.647730 0.647730
0.091286 0.435699 0.804145 0.804145 0.804145
0.599075 0.311102 0.631244 0.631244 0.631244
0.567930 0.076620 0.736040 0.736040 0.736040
0.063271 0.569793 0.739928 0.739928 0.739928
0.230801 0.184816 0.874362 0.874362 0.874362
0.631535 0.095119 0.695620 0.695620 0.695620
0.334386 0.020252 0.888250 0.888250 0.888250
0.119277 0.561130 0.723613 0.723613 0.723613
0.181559 0.111119 0.930689 0.930689 0.930689
0.579607 0.258065 0.660328 0.660328 0.660328
0.457544 0.408720 0.654402 0.654402 0.654402
0.044452 0.405104 0.840040 0.840040 0.840040
0.695734 0.262212 0.606905 0.606905 0.606905
0.400207 0.397157 0.685141 0.685141 0.685141
0.121228 0.711216 0.647301 0.647301 0.647301
0.052961 0.778253 0.637305 0.637305 0.637305
0.557619 0.117418 0.726201 0.726201 0.726201
0.047544 0.296676 0.898668 0.898668 0.898668
0.261032 0.318778 0.790783 0.790783 0.790783
0.206076 0.575833 0.682365 0.682365 0.682365
0.378949 0.507858 0.644762 0.644762 0.644762
0.079051 0.914484 0.571189 0.571189 0.571189
0.555945 0.262482 0.669789 0.669789 0.669789
0.563946 0.198985 0.691057 0.691057 0.691057
0.704859 0.029220 0.680275 0.680275 0.680275
0.172992 0.071146 0.948914 0.948914 0.948914
0.168931 0.730331 0.622849 0.622849 0.622849
0.167063 0.488609 0.743247 0.743247 0.743247
0.139848 0.578525 0.706583 0.706583 0.706583
0.205924 0.762716 0.596995 0.596995 0.596995
0.327378 0.458849 0.688980 0.688980 0.688980
0.569017 0.036911 0.749838 0.749838 0.749838
0.226643 0.546806 0.688581 0.688581 0.688581
0.288959 0.521136 0.675640 0.675640 0.675640
0.366834 0.231594 0.779733 0.779733 0.779733
0.097812 0.488898 0.771531 0.771531 0.771531
0.205788 0.624060 0.659091 0.659091 0.659091
0.021813 0.679136 0.695804 0.695804 0.695804
0.031984 0.604485 0.732088 0.732088 0.732088
0.480989 0.367437 0.661480 0.661480 0.661480
0.757225 0.012018 0.659554 0.659554 0.659554
0.078293 0.037739 0.987891 0.987891 0.987891
0.844390 0.114832 0.590045 0.590045 0.590045
0.068647 0.913287 0.574372 0.574372 0.574372
0.379030 0.203816 0.786263 0.786263 0.786263
0.134434 0.098712 0.954678 0.954678 0.954678
0.410331 0.261871 0.742659 0.742659 0.742659
0.535577 0.335357 0.650076 0.650076 0.650076
0.028311 0.679728 0.693403 0.693403 0.693403
0.016337 0.136553 0.976840 0.976840 0.976840
0.048008 0.721228 0.666166 0.666166 0.666166
0.391264 0.106762 0.822853 0.822853 0.822853
0.344645 0.653757 0.596066 0.596066 0.596066
0.493287 0.494174 0.604843 0.604843 0.604843
0.065638 0.220948 0.929787 0.929787 0.929787
0.186264 0.715037 0.623973 0.623973 0.623973
0.288476 0.096279 0.884024 0.884024 0.884024
0.246271 0.109078 0.900627 0.900627 0.900627
0.054134 0.665837 0.692074 0.692074 0.692074
0.235809 0.698746 0.614533 0.614533 0.614533
0.288331 0.197810 0.838064 0.838064 0.838064
0.545481 0.030541 0.765230 0.765230 0.765230
0.433876 0.255926 0.733238 0.733238 0.733238
0.246034 0.500022 0.703914 0.703914 0.703914
0.118558 0.479922 0.768141 0.768141 0.768141
0.169199 0.095278 0.942064 0.942064 0.942064
0.544117 0.390133 0.624728 0.624728 0.624728
0.090192 0.382334 0.834820 0.834820 0.834820
0.470358 0.140558 0.764308 0.764308 0.764308
0.293891 0.194511 0.836694 0.836694 0.836694
0.091241 0.423279 0.811206 0.811206 0.811206
0.572058 0.182922 0.693271 0.693271 0.693271
0.427063 0.239932 0.744021 0.744021 0.744021
0.388874 0.113488 0.821340 0.821340 0.821340
0.375268 0.028674 0.862753 0.862753 0.862753
0.199943 0.489901 0.728669 0.728669 0.728669
0.130925 0.832073 0.590576 0.590576 0.590576
0.211081 0.021319 0.948295 0.948295 0.948295
0.459599 0.287306 0.706233 0.706233 0.706233
0.176995 0.500472 0.732756 0.732756 0.732756
0.210679 0.471088 0.733934 0.733934 0.733934
0.012091 0.940381 0.577756 0.577756 0.577756
0.216693 0.318028 0.813014 0.813014 0.813014
0.085764 0.042431 0.985305 0.985305 0.985305
0.006048 0.928555 0.584098 0.584098 0.584098
0.188764 0.478350 0.739533 0.739533 0.739533
0.613581 0.096730 0.704350 0.704350 0.704350
0.116327 0.818149 0.600696 0.600696 0.600696
0.049436 0.182453 0.951967 0.951967 0.951967
0.427163 0.277560 0.726844 0.726844 0.726844
0.655027 0.149865 0.664433 0.664433 0.664433
0.081824 0.340395 0.861737 0.861737 0.861737
0.454650 0.481405 0.625244 0.625244 0.625244
0.115192 0.027025 0.980858 0.980858 0.980858
0.292172 0.351009 0.758758 0.758758 0.758758
0.273063 0.199669 0.845250 0.845250 0.845250
0.109269 0.453798 0.786551 0.786551 0.786551
0.323289 0.432391 0.703511 0.703511 0.703511
0.331233 0.174686 0.825933 0.825933 0.825933
0.009586 0.083470 0.991207 0.991207 0.991207
0.790325 0.133171 0.607669 0.607669 0.607669
0.112707 0.173389 0.933663 0.933663 0.933663
0.008143 0.609062 0.737667 0.737667 0.737667
0.020464 0.168620 0.965242 0.965242 0.965242
0.200346 0.196636 0.883823 0.883823 0.883823
0.661865 0.060471 0.691990 0.691990 0.691990
0.257357 0.600742 0.650745 0.650745 0.650745
0.435812 0.473124 0.636367 0.636367 0.636367
0.034079 0.583201 0.743005 0.743005 0.743005
0.162321 0.656860 0.659139 0.659139 0.659139
0.142997 0.372027 0.817897 0.817897 0.817897
0.116616 0.708016 0.650343 0.650343 0.650343
0.209024 0.431651 0.755553 0.755553 0.755553
0.168396 0.015487 0.966509 0.966509 0.966509
0.277452 0.015936 0.919243 0.919243 0.919243
0.660714 0.167168 0.655582 0.655582 0.655582
0.400994 0.106216 0.817594 0.817594 0.817594
0.432266 0.372410 0.681565 0.681565 0.681565
0.062426 0.801882 0.623653 0.623653 0.623653
0.306115 0.489688 0.683451 0.683451 0.683451
0.044234 0.339493 0.876883 0.876883 0.876883
0.829681 0.048370 0.615233 0.615233 0.615233
0.312801 0.079668 0.877737 0.877737 0.877737
0.000746 0.052677 0.996879 0.996879 0.996879
0.095444 0.737858 0.643104 0.643104 0.643104
0.240997 0.730881 0.599130 0.599130 0.599130
0.013200 0.422836 0.841382 0.841382 0.841382
0.146240 0.452129 0.771951 0.771951 0.771951
0.073959 0.057263 0.984978 0.984978 0.984978
0.015478 0.417744 0.843476 0.843476 0.843476
0.537433 0.016948 0.774570 0.774570 0.774570
0.388055 0.301455 0.735507 0.735507 0.735507
0.178252 0.701099 0.632939 0.632939 0.632939
0.404130 0.333661 0.712486 0.712486 0.712486
0.218150 0.539126 0.695841 0.695841 0.695841
0.520965 0.301894 0.670393 0.670393 0.670393
0.147996 0.666528 0.659529 0.659529 0.659529
0.509191 0.178132 0.727671 0.727671 0.727671
0.009740 0.871986 0.607172 0.607172 0.607172
0.673293 0.000920 0.705514 0.705514 0.705514
0.089581 0.171121 0.943319 0.943319 0.943319
0.904856 0.032601 0.587169 0.587169 0.587169
0.307239 0.561200 0.649647 0.649647 0.649647
0.028181 0.881867 0.598017 0.598017 0.598017
0.322510 0.669175 0.597428 0.597428 0.597428
0.353056 0.190433 0.806642 0.806642 0.806642
0.003220 0.631083 0.727301 0.727301 0.727301
0.009511 0.460726 0.820999 0.820999 0.820999
0.479507 0.018362 0.807088 0.807088 0.807088
0.507797 0.156405 0.737376 0.737376 0.737376
0.108346 0.144477 0.947361 0.947361 0.947361
0.121560 0.644765 0.679523 0.679523 0.679523
0.450565 0.376272 0.671482 0.671482 0.671482
0.213095 0.190924 0.880312 0.880312 0.880312
0.155146 0.571747 0.704214 0.704214 0.704214
0.359595 0.517978 0.648166 0.648166 0.648166
0.172229 0.120612 0.931033 0.931033 0.931033
0.175727 0.589507 0.687268 0.687268 0.687268
0.295817 0.226188 0.820174 0.820174 0.820174
0.597169 0.384619 0.604819 0.604819 0.604819
0.330318 0.417014 0.707773 0.707773 0.707773
0.093470 0.251806 0.904216 0.904216 0.904216
0.631492 0.290441 0.624666 0.624666 0.624666
0.089860 0.382909 0.834633 0.834633 0.834633
0.261756 0.734719 0.590829 0.590829 0.590829
0.356474 0.175624 0.811675 0.811675 0.811675
0.882099 0.017337 0.600781 0.600781 0.600781
0.503150 0.269751 0.692342 0.692342 0.692342
0.452363 0.343877 0.684813 0.684813 0.684813
0.491178 0.415931 0.636884 0.636884 0.636884
0.517418 0.107769 0.751764 0.751764 0.751764
0.754397 0.093692 0.635939 0.635939 0.635939
0.206353 0.120346 0.915532 0.915532 0.915532
0.144497 0.182239 0.916535 0.916535 0.916535
0.080061 0.260728 0.904996 0.904996 0.904996
0.181121 0.405644 0.782186 0.782186 0.782186
0.928504 0.022513 0.579996 0.579996 0.579996
0.195225 0.574741 0.687133 0.687133 0.687133
0.195529 0.312719 0.826099 0.826099 0.826099
0.350331 0.161485 0.821565 0.821565 0.821565
0.392107 0.178766 0.790668 0.790668 0.790668
0.182387 0.422886 0.772206 0.772206 0.772206
0.129317 0.094229 0.958095 0.958095 0.958095
0.573278 0.401476 0.608325 0.608325 0.608325
0.219429 0.529076 0.700375 0.700375 0.700375
0.330451 0.304051 0.763374 0.763374 0.763374
0.227932 0.699888 0.616697 0.616697 0.616697
0.271894 0.361469 0.763221 0.763221 0.763221
0.437476 0.033604 0.825626 0.825626 0.825626
0.635026 0.068806 0.703047 0.703047 0.703047
0.355072 0.319600 0.743341 0.743341 0.743341
0.161984 0.469136 0.755920 0.755920 0.755920
0.648951 0.345554 0.597699 0.597699 0.597699
0.076333 0.407619 0.826150 0.826150 0.826150
0.544435 0.180019 0.708515 0.708515 0.708515
0.036066 0.718359 0.671347 0.671347 0.671347
0.300988 0.031351 0.902158 0.902158 0.902158
0.279943 0.468666 0.704973 0.704973 0.704973
0.008112 0.674854 0.702415 0.702415 0.702415
0.213099 0.105629 0.918346 0.918346 0.918346
0.310199 0.610959 0.626384 0.626384 0.626384
0.237738 0.221198 0.852939 0.852939 0.852939
0.121600 0.576547 0.714560 0.714560 0.714560
0.841292 0.090823 0.598158 0.598158 0.598158
0.664388 0.266472 0.618888 0.618888 0.618888
0.319300 0.153657 0.842193 0.842193 0.842193
0.456946 0.281005 0.710331 0.710331 0.710331
0.076540 0.440085 0.807600 0.807600 0.807600
0.342052 0.527143 0.651174 0.651174 0.651174
0.448135 0.457424 0.637851 0.637851 0.637851
0.004247 0.875372 0.607145 0.607145 0.607145
0.487889 0.481948 0.611742 0.611742 0.611742
0.699904 0.056377 0.674065 0.674065 0.674065
0.094115 0.637709 0.692801 0.692801 0.692801
0.682600 0.042306 0.687384 0.687384 0.687384
0.343530 0.240707 0.787740 0.787740 0.787740
0.150841 0.323878 0.840977 0.840977 0.840977
0.655494 0.289065 0.614783 0.614783 0.614783
0.285552 0.328192 0.773716 0.773716 0.773716
0.185760 0.304860 0.835009 0.835009 0.835009
0.027532 0.067993 0.991631 0.991631 0.991631
0.190004 0.745210 0.609497 0.609497 0.609497
0.142317 0.775960 0.611130 0.611130 0.611130
0.028342 0.667833 0.699562 0.699562 0.699562
0.634494 0.155608 0.672411 0.672411 0.672411
0.429310 0.344462 0.695452 0.695452 0.695452
0.229472 0.219480 0.858007 0.858007 0.858007
0.185441 0.324668 0.824446 0.824446 0.824446
0.762653 0.006715 0.658481 0.658481 0.658481
0.314051 0.397830 0.724704 0.724704 0.724704
0.371224 0.613229 0.603137 0.603137 0.603137
0.571204 0.084009 0.731527 0.731527 0.731527
0.726182 0.001151 0.678204 0.678204 0.678204
0.068535 0.462449 0.798036 0.798036 0.798036
0.572650 0.424349 0.600095 0.600095 0.600095
0.092660 0.460916 0.789321 0.789321 0.789321
0.741104 0.229840 0.598455 0.598455 0.598455
0.372865 0.322472 0.733103 0.733103 0.733103
0.000152 0.784739 0.649735 0.649735 0.649735
0.281058 0.471357 0.703155 0.703155 0.703155
0.157786 0.035763 0.965287 0.965287 0.965287
0.337754 0.175874 0.821814 0.821814 0.821814
0.129260 0.278242 0.875350 0.875350 0.875350
0.310885 0.473486 0.689163 0.689163 0.689163
0.307027 0.152721 0.849305 0.849305 0.849305
0.064149 0.658875 0.692285 0.692285 0.692285
0.108917 0.607389 0.703145 0.703145 0.703145
0.265393 0.191745 0.853137 0.853137 0.853137
0.494352 0.261573 0.700150 0.700150 0.700150
0.425173 0.242850 0.743681 0.743681 0.743681
0.719187 0.082576 0.656119 0.656119 0.656119
0.126134 0.730938 0.636481 0.636481 0.636481
0.219608 0.765500 0.591554 0.591554 0.591554
0.073605 0.811338 0.616145 0.616145 0.616145
0.119415 0.287498 0.874734 0.874734 0.874734
0.822669 0.091113 0.606083 0.606083 0.606083
0.501085 0.423791 0.629521 0.629521 0.629521
0.597083 0.316637 0.630042 0.630042 0.630042
0.527350 0.453407 0.607183 0.607183 0.607183
0.325751 0.574271 0.636604 0.636604 0.636604
0.594157 0.355557 0.616769 0.616769 0.616769
0.582140 0.352382 0.623050 0.623050 0.623050
0.312659 0.679017 0.596767 0.596767 0.596767
0.413581 0.364213 0.693947 0.693947 0.693947
0.028867 0.945174 0.571677 0.571677 0.571677
0.203188 0.208935 0.876397 0.876397 0.876397
0.359062 0.290718 0.755351 0.755351 0.755351
0.435533 0.236231 0.741269 0.741269 0.741269
0.769524 0.119396 0.621056 0.621056 0.621056
0.268423 0.607304 0.643567 0.643567 0.643567
0.424053 0.549862 0.609340 0.609340 0.609340
0.008045 0.458725 0.822661 0.822661 0.822661
0.324245 0.338055 0.749554 0.749554 0.749554
0.478543 0.229715 0.721819 0.721819 0.721819
0.581043 0.350218 0.624335 0.624335 0.624335
0.132035 0.662010 0.667300 0.667300 0.667300
0.150412 0.416159 0.790062 0.790062 0.790062
0.146878 0.841929 0.581935 0.581935 0.581935
0.097821 0.832917 0.599738 0.599738 0.599738
0.400497 0.256441 0.750279 0.750279 0.750279
0.074309 0.613461 0.712447 0.712447 0.712447
